cell #, vertex #, lat, lon
001, 01, 30.125000, -115.791672
001, 02, 30.125000, -115.875000
001, 03, 30.041668, -115.875000
001, 04, 30.041668, -115.791672
001, 05, 30.125000, -115.791672
002, 01, 30.208332, -115.791672
002, 02, 30.208332, -115.875000
002, 03, 30.125000, -115.875000
002, 04, 30.125000, -115.791672
002, 05, 30.208332, -115.791672
003, 01, 30.291668, -115.791672
003, 02, 30.291668, -115.875000
003, 03, 30.208332, -115.875000
003, 04, 30.208332, -115.791672
003, 05, 30.291668, -115.791672
004, 01, 30.375000, -115.791672
004, 02, 30.375000, -115.875000
004, 03, 30.291668, -115.875000
004, 04, 30.291668, -115.791672
004, 05, 30.375000, -115.791672
005, 01, 30.375000, -115.875000
005, 02, 30.375000, -115.958328
005, 03, 30.291668, -115.958328
005, 04, 30.291668, -115.875000
005, 05, 30.375000, -115.875000
006, 01, 30.458332, -115.875000
006, 02, 30.458332, -115.958328
006, 03, 30.375000, -115.958328
006, 04, 30.375000, -115.875000
006, 05, 30.458332, -115.875000
007, 01, 30.458332, -115.958328
007, 02, 30.458332, -116.041672
007, 03, 30.375000, -116.041672
007, 04, 30.375000, -115.958328
007, 05, 30.458332, -115.958328
008, 01, 30.458332, -116.041672
008, 02, 30.458332, -116.125000
008, 03, 30.375000, -116.125000
008, 04, 30.375000, -116.041672
008, 05, 30.458332, -116.041672
009, 01, 30.541668, -116.041672
009, 02, 30.541668, -116.125000
009, 03, 30.458332, -116.125000
009, 04, 30.458332, -116.041672
009, 05, 30.541668, -116.041672
010, 01, 30.625000, -116.041672
010, 02, 30.625000, -116.125000
010, 03, 30.541668, -116.125000
010, 04, 30.541668, -116.041672
010, 05, 30.625000, -116.041672
011, 01, 30.708332, -116.041672
011, 02, 30.708332, -116.125000
011, 03, 30.625000, -116.125000
011, 04, 30.625000, -116.041672
011, 05, 30.708332, -116.041672
012, 01, 30.791668, -116.041672
012, 02, 30.791668, -116.125000
012, 03, 30.708332, -116.125000
012, 04, 30.708332, -116.041672
012, 05, 30.791668, -116.041672
013, 01, 30.875000, -116.041672
013, 02, 30.875000, -116.125000
013, 03, 30.791668, -116.125000
013, 04, 30.791668, -116.041672
013, 05, 30.875000, -116.041672
014, 01, 30.875000, -116.125000
014, 02, 30.875000, -116.208328
014, 03, 30.791668, -116.208328
014, 04, 30.791668, -116.125000
014, 05, 30.875000, -116.125000
015, 01, 30.875000, -116.208328
015, 02, 30.875000, -116.291672
015, 03, 30.791668, -116.291672
015, 04, 30.791668, -116.208328
015, 05, 30.875000, -116.208328
016, 01, 30.958332, -116.208328
016, 02, 30.958332, -116.291672
016, 03, 30.875000, -116.291672
016, 04, 30.875000, -116.208328
016, 05, 30.958332, -116.208328
017, 01, 30.958332, -116.291672
017, 02, 30.958332, -116.375000
017, 03, 30.875000, -116.375000
017, 04, 30.875000, -116.291672
017, 05, 30.958332, -116.291672
018, 01, 31.041668, -116.291672
018, 02, 31.041668, -116.375000
018, 03, 30.958332, -116.375000
018, 04, 30.958332, -116.291672
018, 05, 31.041668, -116.291672
019, 01, 31.125000, -116.291672
019, 02, 31.125000, -116.375000
019, 03, 31.041668, -116.375000
019, 04, 31.041668, -116.291672
019, 05, 31.125000, -116.291672
020, 01, 31.208332, -116.291672
020, 02, 31.208332, -116.375000
020, 03, 31.125000, -116.375000
020, 04, 31.125000, -116.291672
020, 05, 31.208332, -116.291672
021, 01, 31.208332, -116.375000
021, 02, 31.208332, -116.458328
021, 03, 31.125000, -116.458328
021, 04, 31.125000, -116.375000
021, 05, 31.208332, -116.375000
022, 01, 31.291668, -116.375000
022, 02, 31.291668, -116.458328
022, 03, 31.208332, -116.458328
022, 04, 31.208332, -116.375000
022, 05, 31.291668, -116.375000
023, 01, 31.375000, -116.375000
023, 02, 31.375000, -116.458328
023, 03, 31.291668, -116.458328
023, 04, 31.291668, -116.375000
023, 05, 31.375000, -116.375000
024, 01, 31.375000, -116.458328
024, 02, 31.375000, -116.541672
024, 03, 31.291668, -116.541672
024, 04, 31.291668, -116.458328
024, 05, 31.375000, -116.458328
025, 01, 31.458332, -116.458328
025, 02, 31.458332, -116.541672
025, 03, 31.375000, -116.541672
025, 04, 31.375000, -116.458328
025, 05, 31.458332, -116.458328
026, 01, 31.458332, -116.541672
026, 02, 31.458332, -116.625000
026, 03, 31.375000, -116.625000
026, 04, 31.375000, -116.541672
026, 05, 31.458332, -116.541672
027, 01, 31.541668, -116.541672
027, 02, 31.541668, -116.625000
027, 03, 31.458332, -116.625000
027, 04, 31.458332, -116.541672
027, 05, 31.541668, -116.541672
028, 01, 31.541668, -116.625000
028, 02, 31.541668, -116.708328
028, 03, 31.458332, -116.708328
028, 04, 31.458332, -116.625000
028, 05, 31.541668, -116.625000
029, 01, 31.625000, -116.625000
029, 02, 31.625000, -116.708328
029, 03, 31.541668, -116.708328
029, 04, 31.541668, -116.625000
029, 05, 31.625000, -116.625000
030, 01, 31.708332, -116.625000
030, 02, 31.708332, -116.708328
030, 03, 31.625000, -116.708328
030, 04, 31.625000, -116.625000
030, 05, 31.708332, -116.625000
031, 01, 31.791668, -116.625000
031, 02, 31.791668, -116.708328
031, 03, 31.708332, -116.708328
031, 04, 31.708332, -116.625000
031, 05, 31.791668, -116.625000
032, 01, 31.875000, -116.625000
032, 02, 31.875000, -116.708328
032, 03, 31.791668, -116.708328
032, 04, 31.791668, -116.625000
032, 05, 31.875000, -116.625000
033, 01, 31.958332, -116.625000
033, 02, 31.958332, -116.708328
033, 03, 31.875000, -116.708328
033, 04, 31.875000, -116.625000
033, 05, 31.958332, -116.625000
034, 01, 31.958332, -116.708328
034, 02, 31.958332, -116.791672
034, 03, 31.875000, -116.791672
034, 04, 31.875000, -116.708328
034, 05, 31.958332, -116.708328
035, 01, 31.958332, -116.791672
035, 02, 31.958332, -116.875000
035, 03, 31.875000, -116.875000
035, 04, 31.875000, -116.791672
035, 05, 31.958332, -116.791672
036, 01, 32.041664, -116.791672
036, 02, 32.041664, -116.875000
036, 03, 31.958332, -116.875000
036, 04, 31.958332, -116.791672
036, 05, 32.041664, -116.791672
037, 01, 32.041664, -116.875000
037, 02, 32.041664, -116.958328
037, 03, 31.958332, -116.958328
037, 04, 31.958332, -116.875000
037, 05, 32.041664, -116.875000
038, 01, 32.125000, -116.875000
038, 02, 32.125000, -116.958328
038, 03, 32.041664, -116.958328
038, 04, 32.041664, -116.875000
038, 05, 32.125000, -116.875000
039, 01, 32.208336, -116.875000
039, 02, 32.208336, -116.958328
039, 03, 32.125000, -116.958328
039, 04, 32.125000, -116.875000
039, 05, 32.208336, -116.875000
040, 01, 32.291664, -116.875000
040, 02, 32.291664, -116.958328
040, 03, 32.208336, -116.958328
040, 04, 32.208336, -116.875000
040, 05, 32.291664, -116.875000
041, 01, 32.291664, -116.958328
041, 02, 32.291664, -117.041672
041, 03, 32.208336, -117.041672
041, 04, 32.208336, -116.958328
041, 05, 32.291664, -116.958328
042, 01, 32.291664, -117.041672
042, 02, 32.291664, -117.125000
042, 03, 32.208336, -117.125000
042, 04, 32.208336, -117.041672
042, 05, 32.291664, -117.041672
043, 01, 32.375000, -117.041672
043, 02, 32.375000, -117.125000
043, 03, 32.291664, -117.125000
043, 04, 32.291664, -117.041672
043, 05, 32.375000, -117.041672
044, 01, 32.458336, -117.041672
044, 02, 32.458336, -117.125000
044, 03, 32.375000, -117.125000
044, 04, 32.375000, -117.041672
044, 05, 32.458336, -117.041672
045, 01, 32.458336, -117.125000
045, 02, 32.458336, -117.208328
045, 03, 32.375000, -117.208328
045, 04, 32.375000, -117.125000
045, 05, 32.458336, -117.125000
046, 01, 32.541664, -117.125000
046, 02, 32.541664, -117.208328
046, 03, 32.458336, -117.208328
046, 04, 32.458336, -117.125000
046, 05, 32.541664, -117.125000
047, 01, 32.625000, -117.125000
047, 02, 32.625000, -117.208328
047, 03, 32.541664, -117.208328
047, 04, 32.541664, -117.125000
047, 05, 32.625000, -117.125000
048, 01, 32.708336, -117.125000
048, 02, 32.708336, -117.208328
048, 03, 32.625000, -117.208328
048, 04, 32.625000, -117.125000
048, 05, 32.708336, -117.125000
049, 01, 32.708336, -117.208328
049, 02, 32.708336, -117.291672
049, 03, 32.625000, -117.291672
049, 04, 32.625000, -117.208328
049, 05, 32.708336, -117.208328
050, 01, 32.708336, -117.291672
050, 02, 32.708336, -117.375000
050, 03, 32.625000, -117.375000
050, 04, 32.625000, -117.291672
050, 05, 32.708336, -117.291672
051, 01, 32.791664, -117.291672
051, 02, 32.791664, -117.375000
051, 03, 32.708336, -117.375000
051, 04, 32.708336, -117.291672
051, 05, 32.791664, -117.291672
052, 01, 32.875000, -117.291672
052, 02, 32.875000, -117.375000
052, 03, 32.791664, -117.375000
052, 04, 32.791664, -117.291672
052, 05, 32.875000, -117.291672
053, 01, 32.958336, -117.291672
053, 02, 32.958336, -117.375000
053, 03, 32.875000, -117.375000
053, 04, 32.875000, -117.291672
053, 05, 32.958336, -117.291672
054, 01, 33.041664, -117.291672
054, 02, 33.041664, -117.375000
054, 03, 32.958336, -117.375000
054, 04, 32.958336, -117.291672
054, 05, 33.041664, -117.291672
055, 01, 33.125000, -117.291672
055, 02, 33.125000, -117.375000
055, 03, 33.041664, -117.375000
055, 04, 33.041664, -117.291672
055, 05, 33.125000, -117.291672
056, 01, 33.208336, -117.291672
056, 02, 33.208336, -117.375000
056, 03, 33.125000, -117.375000
056, 04, 33.125000, -117.291672
056, 05, 33.208336, -117.291672
057, 01, 33.208336, -117.375000
057, 02, 33.208336, -117.458328
057, 03, 33.125000, -117.458328
057, 04, 33.125000, -117.375000
057, 05, 33.208336, -117.375000
058, 01, 33.291664, -117.375000
058, 02, 33.291664, -117.458328
058, 03, 33.208336, -117.458328
058, 04, 33.208336, -117.375000
058, 05, 33.291664, -117.375000
059, 01, 33.291664, -117.458328
059, 02, 33.291664, -117.541672
059, 03, 33.208336, -117.541672
059, 04, 33.208336, -117.458328
059, 05, 33.291664, -117.458328
060, 01, 33.375000, -117.458328
060, 02, 33.375000, -117.541672
060, 03, 33.291664, -117.541672
060, 04, 33.291664, -117.458328
060, 05, 33.375000, -117.458328
061, 01, 33.375000, -117.541672
061, 02, 33.375000, -117.625000
061, 03, 33.291664, -117.625000
061, 04, 33.291664, -117.541672
061, 05, 33.375000, -117.541672
062, 01, 33.458336, -117.541672
062, 02, 33.458336, -117.625000
062, 03, 33.375000, -117.625000
062, 04, 33.375000, -117.541672
062, 05, 33.458336, -117.541672
063, 01, 33.458336, -117.625000
063, 02, 33.458336, -117.708328
063, 03, 33.375000, -117.708328
063, 04, 33.375000, -117.625000
063, 05, 33.458336, -117.625000
064, 01, 33.541664, -117.625000
064, 02, 33.541664, -117.708328
064, 03, 33.458336, -117.708328
064, 04, 33.458336, -117.625000
064, 05, 33.541664, -117.625000
065, 01, 33.541664, -117.708328
065, 02, 33.541664, -117.791672
065, 03, 33.458336, -117.791672
065, 04, 33.458336, -117.708328
065, 05, 33.541664, -117.708328
066, 01, 33.541664, -117.791672
066, 02, 33.541664, -117.875000
066, 03, 33.458336, -117.875000
066, 04, 33.458336, -117.791672
066, 05, 33.541664, -117.791672
067, 01, 33.541664, -117.875000
067, 02, 33.541664, -117.958328
067, 03, 33.458336, -117.958328
067, 04, 33.458336, -117.875000
067, 05, 33.541664, -117.875000
068, 01, 33.625000, -117.875000
068, 02, 33.625000, -117.958328
068, 03, 33.541664, -117.958328
068, 04, 33.541664, -117.875000
068, 05, 33.625000, -117.875000
069, 01, 33.625000, -117.958328
069, 02, 33.625000, -118.041672
069, 03, 33.541664, -118.041672
069, 04, 33.541664, -117.958328
069, 05, 33.625000, -117.958328
070, 01, 33.708336, -117.958328
070, 02, 33.708336, -118.041672
070, 03, 33.625000, -118.041672
070, 04, 33.625000, -117.958328
070, 05, 33.708336, -117.958328
071, 01, 33.708336, -118.041672
071, 02, 33.708336, -118.125000
071, 03, 33.625000, -118.125000
071, 04, 33.625000, -118.041672
071, 05, 33.708336, -118.041672
072, 01, 33.791664, -118.041672
072, 02, 33.791664, -118.125000
072, 03, 33.708336, -118.125000
072, 04, 33.708336, -118.041672
072, 05, 33.791664, -118.041672
073, 01, 33.791664, -118.125000
073, 02, 33.791664, -118.208328
073, 03, 33.708336, -118.208328
073, 04, 33.708336, -118.125000
073, 05, 33.791664, -118.125000
074, 01, 33.791664, -118.208328
074, 02, 33.791664, -118.291672
074, 03, 33.708336, -118.291672
074, 04, 33.708336, -118.208328
074, 05, 33.791664, -118.208328
075, 01, 33.708336, -118.208328
075, 02, 33.708336, -118.291672
075, 03, 33.625000, -118.291672
075, 04, 33.625000, -118.208328
075, 05, 33.708336, -118.208328
076, 01, 33.708336, -118.291672
076, 02, 33.708336, -118.375000
076, 03, 33.625000, -118.375000
076, 04, 33.625000, -118.291672
076, 05, 33.708336, -118.291672
077, 01, 33.708336, -118.375000
077, 02, 33.708336, -118.458328
077, 03, 33.625000, -118.458328
077, 04, 33.625000, -118.375000
077, 05, 33.708336, -118.375000
078, 01, 33.791664, -118.375000
078, 02, 33.791664, -118.458328
078, 03, 33.708336, -118.458328
078, 04, 33.708336, -118.375000
078, 05, 33.791664, -118.375000
079, 01, 33.875000, -118.375000
079, 02, 33.875000, -118.458328
079, 03, 33.791664, -118.458328
079, 04, 33.791664, -118.375000
079, 05, 33.875000, -118.375000
080, 01, 33.875000, -118.458328
080, 02, 33.875000, -118.541672
080, 03, 33.791664, -118.541672
080, 04, 33.791664, -118.458328
080, 05, 33.875000, -118.458328
081, 01, 33.958336, -118.458328
081, 02, 33.958336, -118.541672
081, 03, 33.875000, -118.541672
081, 04, 33.875000, -118.458328
081, 05, 33.958336, -118.458328
082, 01, 34.041664, -118.458328
082, 02, 34.041664, -118.541672
082, 03, 33.958336, -118.541672
082, 04, 33.958336, -118.458328
082, 05, 34.041664, -118.458328
083, 01, 34.041664, -118.541672
083, 02, 34.041664, -118.625000
083, 03, 33.958336, -118.625000
083, 04, 33.958336, -118.541672
083, 05, 34.041664, -118.541672
084, 01, 34.125000, -118.541672
084, 02, 34.125000, -118.625000
084, 03, 34.041664, -118.625000
084, 04, 34.041664, -118.541672
084, 05, 34.125000, -118.541672
085, 01, 34.125000, -118.625000
085, 02, 34.125000, -118.708328
085, 03, 34.041664, -118.708328
085, 04, 34.041664, -118.625000
085, 05, 34.125000, -118.625000
086, 01, 34.125000, -118.708328
086, 02, 34.125000, -118.791672
086, 03, 34.041664, -118.791672
086, 04, 34.041664, -118.708328
086, 05, 34.125000, -118.708328
087, 01, 34.125000, -118.791672
087, 02, 34.125000, -118.875000
087, 03, 34.041664, -118.875000
087, 04, 34.041664, -118.791672
087, 05, 34.125000, -118.791672
088, 01, 34.125000, -118.875000
088, 02, 34.125000, -118.958328
088, 03, 34.041664, -118.958328
088, 04, 34.041664, -118.875000
088, 05, 34.125000, -118.875000
089, 01, 34.125000, -118.958328
089, 02, 34.125000, -119.041672
089, 03, 34.041664, -119.041672
089, 04, 34.041664, -118.958328
089, 05, 34.125000, -118.958328
090, 01, 34.125000, -119.041672
090, 02, 34.125000, -119.125000
090, 03, 34.041664, -119.125000
090, 04, 34.041664, -119.041672
090, 05, 34.125000, -119.041672
091, 01, 34.125000, -119.125000
091, 02, 34.125000, -119.208328
091, 03, 34.041664, -119.208328
091, 04, 34.041664, -119.125000
091, 05, 34.125000, -119.125000
092, 01, 34.125000, -119.208328
092, 02, 34.125000, -119.291672
092, 03, 34.041664, -119.291672
092, 04, 34.041664, -119.208328
092, 05, 34.125000, -119.208328
093, 01, 34.208336, -119.208328
093, 02, 34.208336, -119.291672
093, 03, 34.125000, -119.291672
093, 04, 34.125000, -119.208328
093, 05, 34.208336, -119.208328
094, 01, 34.291664, -119.208328
094, 02, 34.291664, -119.291672
094, 03, 34.208336, -119.291672
094, 04, 34.208336, -119.208328
094, 05, 34.291664, -119.208328
095, 01, 34.291664, -119.291672
095, 02, 34.291664, -119.375000
095, 03, 34.208336, -119.375000
095, 04, 34.208336, -119.291672
095, 05, 34.291664, -119.291672
096, 01, 34.375000, -119.291672
096, 02, 34.375000, -119.375000
096, 03, 34.291664, -119.375000
096, 04, 34.291664, -119.291672
096, 05, 34.375000, -119.291672
097, 01, 34.375000, -119.375000
097, 02, 34.375000, -119.458328
097, 03, 34.291664, -119.458328
097, 04, 34.291664, -119.375000
097, 05, 34.375000, -119.375000
098, 01, 34.375000, -119.458328
098, 02, 34.375000, -119.541672
098, 03, 34.291664, -119.541672
098, 04, 34.291664, -119.458328
098, 05, 34.375000, -119.458328
099, 01, 34.375000, -119.541672
099, 02, 34.375000, -119.625000
099, 03, 34.291664, -119.625000
099, 04, 34.291664, -119.541672
099, 05, 34.375000, -119.541672
100, 01, 34.375000, -119.625000
100, 02, 34.375000, -119.708328
100, 03, 34.291664, -119.708328
100, 04, 34.291664, -119.625000
100, 05, 34.375000, -119.625000
101, 01, 34.375000, -119.708328
101, 02, 34.375000, -119.791672
101, 03, 34.291664, -119.791672
101, 04, 34.291664, -119.708328
101, 05, 34.375000, -119.708328
102, 01, 34.375000, -119.791672
102, 02, 34.375000, -119.875000
102, 03, 34.291664, -119.875000
102, 04, 34.291664, -119.791672
102, 05, 34.375000, -119.791672
103, 01, 34.375000, -119.875000
103, 02, 34.375000, -119.958328
103, 03, 34.291664, -119.958328
103, 04, 34.291664, -119.875000
103, 05, 34.375000, -119.875000
104, 01, 34.458336, -119.875000
104, 02, 34.458336, -119.958328
104, 03, 34.375000, -119.958328
104, 04, 34.375000, -119.875000
104, 05, 34.458336, -119.875000
105, 01, 34.458336, -119.958328
105, 02, 34.458336, -120.041672
105, 03, 34.375000, -120.041672
105, 04, 34.375000, -119.958328
105, 05, 34.458336, -119.958328
106, 01, 34.458336, -120.041672
106, 02, 34.458336, -120.125000
106, 03, 34.375000, -120.125000
106, 04, 34.375000, -120.041672
106, 05, 34.458336, -120.041672
107, 01, 34.458336, -120.125000
107, 02, 34.458336, -120.208328
107, 03, 34.375000, -120.208328
107, 04, 34.375000, -120.125000
107, 05, 34.458336, -120.125000
108, 01, 34.458336, -120.208328
108, 02, 34.458336, -120.291672
108, 03, 34.375000, -120.291672
108, 04, 34.375000, -120.208328
108, 05, 34.458336, -120.208328
109, 01, 34.458336, -120.291672
109, 02, 34.458336, -120.375000
109, 03, 34.375000, -120.375000
109, 04, 34.375000, -120.291672
109, 05, 34.458336, -120.291672
110, 01, 34.458336, -120.375000
110, 02, 34.458336, -120.458328
110, 03, 34.375000, -120.458328
110, 04, 34.375000, -120.375000
110, 05, 34.458336, -120.375000
111, 01, 34.458336, -120.458328
111, 02, 34.458336, -120.541672
111, 03, 34.375000, -120.541672
111, 04, 34.375000, -120.458328
111, 05, 34.458336, -120.458328
112, 01, 34.541664, -120.458328
112, 02, 34.541664, -120.541672
112, 03, 34.458336, -120.541672
112, 04, 34.458336, -120.458328
112, 05, 34.541664, -120.458328
113, 01, 34.541664, -120.541672
113, 02, 34.541664, -120.625000
113, 03, 34.458336, -120.625000
113, 04, 34.458336, -120.541672
113, 05, 34.541664, -120.541672
114, 01, 34.625000, -120.541672
114, 02, 34.625000, -120.625000
114, 03, 34.541664, -120.625000
114, 04, 34.541664, -120.541672
114, 05, 34.625000, -120.541672
115, 01, 34.625000, -120.625000
115, 02, 34.625000, -120.708328
115, 03, 34.541664, -120.708328
115, 04, 34.541664, -120.625000
115, 05, 34.625000, -120.625000
116, 01, 34.708336, -120.625000
116, 02, 34.708336, -120.708328
116, 03, 34.625000, -120.708328
116, 04, 34.625000, -120.625000
116, 05, 34.708336, -120.625000
117, 01, 34.791664, -120.625000
117, 02, 34.791664, -120.708328
117, 03, 34.708336, -120.708328
117, 04, 34.708336, -120.625000
117, 05, 34.791664, -120.625000
118, 01, 34.875000, -120.625000
118, 02, 34.875000, -120.708328
118, 03, 34.791664, -120.708328
118, 04, 34.791664, -120.625000
118, 05, 34.875000, -120.625000
119, 01, 34.958336, -120.625000
119, 02, 34.958336, -120.708328
119, 03, 34.875000, -120.708328
119, 04, 34.875000, -120.625000
119, 05, 34.958336, -120.625000
120, 01, 35.041664, -120.625000
120, 02, 35.041664, -120.708328
120, 03, 34.958336, -120.708328
120, 04, 34.958336, -120.625000
120, 05, 35.041664, -120.625000
121, 01, 35.125000, -120.625000
121, 02, 35.125000, -120.708328
121, 03, 35.041664, -120.708328
121, 04, 35.041664, -120.625000
121, 05, 35.125000, -120.625000
122, 01, 35.208336, -120.625000
122, 02, 35.208336, -120.708328
122, 03, 35.125000, -120.708328
122, 04, 35.125000, -120.625000
122, 05, 35.208336, -120.625000
123, 01, 35.208336, -120.708328
123, 02, 35.208336, -120.791672
123, 03, 35.125000, -120.791672
123, 04, 35.125000, -120.708328
123, 05, 35.208336, -120.708328
124, 01, 35.208336, -120.791672
124, 02, 35.208336, -120.875000
124, 03, 35.125000, -120.875000
124, 04, 35.125000, -120.791672
124, 05, 35.208336, -120.791672
125, 01, 35.208336, -120.875000
125, 02, 35.208336, -120.958328
125, 03, 35.125000, -120.958328
125, 04, 35.125000, -120.875000
125, 05, 35.208336, -120.875000
126, 01, 35.291664, -120.875000
126, 02, 35.291664, -120.958328
126, 03, 35.208336, -120.958328
126, 04, 35.208336, -120.875000
126, 05, 35.291664, -120.875000
127, 01, 35.375000, -120.875000
127, 02, 35.375000, -120.958328
127, 03, 35.291664, -120.958328
127, 04, 35.291664, -120.875000
127, 05, 35.375000, -120.875000
128, 01, 35.458336, -120.875000
128, 02, 35.458336, -120.958328
128, 03, 35.375000, -120.958328
128, 04, 35.375000, -120.875000
128, 05, 35.458336, -120.875000
129, 01, 35.458336, -120.958328
129, 02, 35.458336, -121.041672
129, 03, 35.375000, -121.041672
129, 04, 35.375000, -120.958328
129, 05, 35.458336, -120.958328
130, 01, 35.458336, -121.041672
130, 02, 35.458336, -121.125000
130, 03, 35.375000, -121.125000
130, 04, 35.375000, -121.041672
130, 05, 35.458336, -121.041672
131, 01, 35.541664, -121.041672
131, 02, 35.541664, -121.125000
131, 03, 35.458336, -121.125000
131, 04, 35.458336, -121.041672
131, 05, 35.541664, -121.041672
132, 01, 35.541664, -121.125000
132, 02, 35.541664, -121.208328
132, 03, 35.458336, -121.208328
132, 04, 35.458336, -121.125000
132, 05, 35.541664, -121.125000
133, 01, 35.625000, -121.125000
133, 02, 35.625000, -121.208328
133, 03, 35.541664, -121.208328
133, 04, 35.541664, -121.125000
133, 05, 35.625000, -121.125000
134, 01, 35.708336, -121.125000
134, 02, 35.708336, -121.208328
134, 03, 35.625000, -121.208328
134, 04, 35.625000, -121.125000
134, 05, 35.708336, -121.125000
135, 01, 35.708336, -121.208328
135, 02, 35.708336, -121.291672
135, 03, 35.625000, -121.291672
135, 04, 35.625000, -121.208328
135, 05, 35.708336, -121.208328
136, 01, 35.708336, -121.291672
136, 02, 35.708336, -121.375000
136, 03, 35.625000, -121.375000
136, 04, 35.625000, -121.291672
136, 05, 35.708336, -121.291672
137, 01, 35.791664, -121.291672
137, 02, 35.791664, -121.375000
137, 03, 35.708336, -121.375000
137, 04, 35.708336, -121.291672
137, 05, 35.791664, -121.291672
138, 01, 35.791664, -121.375000
138, 02, 35.791664, -121.458328
138, 03, 35.708336, -121.458328
138, 04, 35.708336, -121.375000
138, 05, 35.791664, -121.375000
139, 01, 35.875000, -121.375000
139, 02, 35.875000, -121.458328
139, 03, 35.791664, -121.458328
139, 04, 35.791664, -121.375000
139, 05, 35.875000, -121.375000
140, 01, 35.875000, -121.458328
140, 02, 35.875000, -121.541672
140, 03, 35.791664, -121.541672
140, 04, 35.791664, -121.458328
140, 05, 35.875000, -121.458328
141, 01, 35.958336, -121.458328
141, 02, 35.958336, -121.541672
141, 03, 35.875000, -121.541672
141, 04, 35.875000, -121.458328
141, 05, 35.958336, -121.458328
142, 01, 35.958336, -121.541672
142, 02, 35.958336, -121.625000
142, 03, 35.875000, -121.625000
142, 04, 35.875000, -121.541672
142, 05, 35.958336, -121.541672
143, 01, 36.041664, -121.541672
143, 02, 36.041664, -121.625000
143, 03, 35.958336, -121.625000
143, 04, 35.958336, -121.541672
143, 05, 36.041664, -121.541672
144, 01, 36.041664, -121.625000
144, 02, 36.041664, -121.708328
144, 03, 35.958336, -121.708328
144, 04, 35.958336, -121.625000
144, 05, 36.041664, -121.625000
145, 01, 36.125000, -121.625000
145, 02, 36.125000, -121.708328
145, 03, 36.041664, -121.708328
145, 04, 36.041664, -121.625000
145, 05, 36.125000, -121.625000
146, 01, 36.208336, -121.625000
146, 02, 36.208336, -121.708328
146, 03, 36.125000, -121.708328
146, 04, 36.125000, -121.625000
146, 05, 36.208336, -121.625000
147, 01, 36.208336, -121.708328
147, 02, 36.208336, -121.791672
147, 03, 36.125000, -121.791672
147, 04, 36.125000, -121.708328
147, 05, 36.208336, -121.708328
148, 01, 36.208336, -121.791672
148, 02, 36.208336, -121.875000
148, 03, 36.125000, -121.875000
148, 04, 36.125000, -121.791672
148, 05, 36.208336, -121.791672
149, 01, 36.291664, -121.791672
149, 02, 36.291664, -121.875000
149, 03, 36.208336, -121.875000
149, 04, 36.208336, -121.791672
149, 05, 36.291664, -121.791672
150, 01, 36.291664, -121.875000
150, 02, 36.291664, -121.958328
150, 03, 36.208336, -121.958328
150, 04, 36.208336, -121.875000
150, 05, 36.291664, -121.875000
151, 01, 36.375000, -121.875000
151, 02, 36.375000, -121.958328
151, 03, 36.291664, -121.958328
151, 04, 36.291664, -121.875000
151, 05, 36.375000, -121.875000
152, 01, 36.458336, -121.875000
152, 02, 36.458336, -121.958328
152, 03, 36.375000, -121.958328
152, 04, 36.375000, -121.875000
152, 05, 36.458336, -121.875000
153, 01, 36.458336, -121.958328
153, 02, 36.458336, -122.041672
153, 03, 36.375000, -122.041672
153, 04, 36.375000, -121.958328
153, 05, 36.458336, -121.958328
154, 01, 36.541664, -121.958328
154, 02, 36.541664, -122.041672
154, 03, 36.458336, -122.041672
154, 04, 36.458336, -121.958328
154, 05, 36.541664, -121.958328
155, 01, 36.625000, -121.958328
155, 02, 36.625000, -122.041672
155, 03, 36.541664, -122.041672
155, 04, 36.541664, -121.958328
155, 05, 36.625000, -121.958328
156, 01, 36.625000, -121.875000
156, 02, 36.625000, -121.958328
156, 03, 36.541664, -121.958328
156, 04, 36.541664, -121.875000
156, 05, 36.625000, -121.875000
157, 01, 36.708336, -121.875000
157, 02, 36.708336, -121.958328
157, 03, 36.625000, -121.958328
157, 04, 36.625000, -121.875000
157, 05, 36.708336, -121.875000
158, 01, 36.708336, -121.791672
158, 02, 36.708336, -121.875000
158, 03, 36.625000, -121.875000
158, 04, 36.625000, -121.791672
158, 05, 36.708336, -121.791672
159, 01, 36.708336, -121.708328
159, 02, 36.708336, -121.791672
159, 03, 36.625000, -121.791672
159, 04, 36.625000, -121.708328
159, 05, 36.708336, -121.708328
160, 01, 36.791664, -121.708328
160, 02, 36.791664, -121.791672
160, 03, 36.708336, -121.791672
160, 04, 36.708336, -121.708328
160, 05, 36.791664, -121.708328
161, 01, 36.875000, -121.708328
161, 02, 36.875000, -121.791672
161, 03, 36.791664, -121.791672
161, 04, 36.791664, -121.708328
161, 05, 36.875000, -121.708328
162, 01, 36.875000, -121.791672
162, 02, 36.875000, -121.875000
162, 03, 36.791664, -121.875000
162, 04, 36.791664, -121.791672
162, 05, 36.875000, -121.791672
163, 01, 36.958336, -121.791672
163, 02, 36.958336, -121.875000
163, 03, 36.875000, -121.875000
163, 04, 36.875000, -121.791672
163, 05, 36.958336, -121.791672
164, 01, 37.041664, -121.791672
164, 02, 37.041664, -121.875000
164, 03, 36.958336, -121.875000
164, 04, 36.958336, -121.791672
164, 05, 37.041664, -121.791672
165, 01, 37.041664, -121.875000
165, 02, 37.041664, -121.958328
165, 03, 36.958336, -121.958328
165, 04, 36.958336, -121.875000
165, 05, 37.041664, -121.875000
166, 01, 37.041664, -121.958328
166, 02, 37.041664, -122.041672
166, 03, 36.958336, -122.041672
166, 04, 36.958336, -121.958328
166, 05, 37.041664, -121.958328
167, 01, 37.041664, -122.041672
167, 02, 37.041664, -122.125000
167, 03, 36.958336, -122.125000
167, 04, 36.958336, -122.041672
167, 05, 37.041664, -122.041672
168, 01, 37.041664, -122.125000
168, 02, 37.041664, -122.208328
168, 03, 36.958336, -122.208328
168, 04, 36.958336, -122.125000
168, 05, 37.041664, -122.125000
169, 01, 37.041664, -122.208328
169, 02, 37.041664, -122.291672
169, 03, 36.958336, -122.291672
169, 04, 36.958336, -122.208328
169, 05, 37.041664, -122.208328
170, 01, 37.125000, -122.208328
170, 02, 37.125000, -122.291672
170, 03, 37.041664, -122.291672
170, 04, 37.041664, -122.208328
170, 05, 37.125000, -122.208328
171, 01, 37.125000, -122.291672
171, 02, 37.125000, -122.375000
171, 03, 37.041664, -122.375000
171, 04, 37.041664, -122.291672
171, 05, 37.125000, -122.291672
172, 01, 37.208336, -122.291672
172, 02, 37.208336, -122.375000
172, 03, 37.125000, -122.375000
172, 04, 37.125000, -122.291672
172, 05, 37.208336, -122.291672
173, 01, 37.291664, -122.291672
173, 02, 37.291664, -122.375000
173, 03, 37.208336, -122.375000
173, 04, 37.208336, -122.291672
173, 05, 37.291664, -122.291672
174, 01, 37.375000, -122.291672
174, 02, 37.375000, -122.375000
174, 03, 37.291664, -122.375000
174, 04, 37.291664, -122.291672
174, 05, 37.375000, -122.291672
175, 01, 37.458336, -122.291672
175, 02, 37.458336, -122.375000
175, 03, 37.375000, -122.375000
175, 04, 37.375000, -122.291672
175, 05, 37.458336, -122.291672
176, 01, 37.458336, -122.375000
176, 02, 37.458336, -122.458328
176, 03, 37.375000, -122.458328
176, 04, 37.375000, -122.375000
176, 05, 37.458336, -122.375000
177, 01, 37.541664, -122.375000
177, 02, 37.541664, -122.458328
177, 03, 37.458336, -122.458328
177, 04, 37.458336, -122.375000
177, 05, 37.541664, -122.375000
178, 01, 37.541664, -122.458328
178, 02, 37.541664, -122.541672
178, 03, 37.458336, -122.541672
178, 04, 37.458336, -122.458328
178, 05, 37.541664, -122.458328
179, 01, 37.625000, -122.458328
179, 02, 37.625000, -122.541672
179, 03, 37.541664, -122.541672
179, 04, 37.541664, -122.458328
179, 05, 37.625000, -122.458328
180, 01, 37.708336, -122.458328
180, 02, 37.708336, -122.541672
180, 03, 37.625000, -122.541672
180, 04, 37.625000, -122.458328
180, 05, 37.708336, -122.458328
181, 01, 37.791664, -122.458328
181, 02, 37.791664, -122.541672
181, 03, 37.708336, -122.541672
181, 04, 37.708336, -122.458328
181, 05, 37.791664, -122.458328
182, 01, 37.875000, -122.458328
182, 02, 37.875000, -122.541672
182, 03, 37.791664, -122.541672
182, 04, 37.791664, -122.458328
182, 05, 37.875000, -122.458328
183, 01, 37.875000, -122.541672
183, 02, 37.875000, -122.625000
183, 03, 37.791664, -122.625000
183, 04, 37.791664, -122.541672
183, 05, 37.875000, -122.541672
184, 01, 37.875000, -122.625000
184, 02, 37.875000, -122.708328
184, 03, 37.791664, -122.708328
184, 04, 37.791664, -122.625000
184, 05, 37.875000, -122.625000
185, 01, 37.875000, -122.708328
185, 02, 37.875000, -122.791672
185, 03, 37.791664, -122.791672
185, 04, 37.791664, -122.708328
185, 05, 37.875000, -122.708328
186, 01, 37.958336, -122.708328
186, 02, 37.958336, -122.791672
186, 03, 37.875000, -122.791672
186, 04, 37.875000, -122.708328
186, 05, 37.958336, -122.708328
187, 01, 37.958336, -122.791672
187, 02, 37.958336, -122.875000
187, 03, 37.875000, -122.875000
187, 04, 37.875000, -122.791672
187, 05, 37.958336, -122.791672
188, 01, 37.958336, -122.875000
188, 02, 37.958336, -122.958328
188, 03, 37.875000, -122.958328
188, 04, 37.875000, -122.875000
188, 05, 37.958336, -122.875000
189, 01, 38.041664, -122.875000
189, 02, 38.041664, -122.958328
189, 03, 37.958336, -122.958328
189, 04, 37.958336, -122.875000
189, 05, 38.041664, -122.875000
190, 01, 38.125000, -122.875000
190, 02, 38.125000, -122.958328
190, 03, 38.041664, -122.958328
190, 04, 38.041664, -122.875000
190, 05, 38.125000, -122.875000
191, 01, 38.208336, -122.875000
191, 02, 38.208336, -122.958328
191, 03, 38.125000, -122.958328
191, 04, 38.125000, -122.875000
191, 05, 38.208336, -122.875000
192, 01, 38.291664, -122.875000
192, 02, 38.291664, -122.958328
192, 03, 38.208336, -122.958328
192, 04, 38.208336, -122.875000
192, 05, 38.291664, -122.875000
193, 01, 38.291664, -122.958328
193, 02, 38.291664, -123.041672
193, 03, 38.208336, -123.041672
193, 04, 38.208336, -122.958328
193, 05, 38.291664, -122.958328
194, 01, 38.375000, -122.958328
194, 02, 38.375000, -123.041672
194, 03, 38.291664, -123.041672
194, 04, 38.291664, -122.958328
194, 05, 38.375000, -122.958328
195, 01, 38.375000, -123.041672
195, 02, 38.375000, -123.125000
195, 03, 38.291664, -123.125000
195, 04, 38.291664, -123.041672
195, 05, 38.375000, -123.041672
196, 01, 38.458336, -123.041672
196, 02, 38.458336, -123.125000
196, 03, 38.375000, -123.125000
196, 04, 38.375000, -123.041672
196, 05, 38.458336, -123.041672
197, 01, 38.458336, -123.125000
197, 02, 38.458336, -123.208328
197, 03, 38.375000, -123.208328
197, 04, 38.375000, -123.125000
197, 05, 38.458336, -123.125000
198, 01, 38.541664, -123.125000
198, 02, 38.541664, -123.208328
198, 03, 38.458336, -123.208328
198, 04, 38.458336, -123.125000
198, 05, 38.541664, -123.125000
199, 01, 38.541664, -123.208328
199, 02, 38.541664, -123.291672
199, 03, 38.458336, -123.291672
199, 04, 38.458336, -123.208328
199, 05, 38.541664, -123.208328
200, 01, 38.625000, -123.208328
200, 02, 38.625000, -123.291672
200, 03, 38.541664, -123.291672
200, 04, 38.541664, -123.208328
200, 05, 38.625000, -123.208328
201, 01, 38.625000, -123.291672
201, 02, 38.625000, -123.375000
201, 03, 38.541664, -123.375000
201, 04, 38.541664, -123.291672
201, 05, 38.625000, -123.291672
202, 01, 38.708336, -123.291672
202, 02, 38.708336, -123.375000
202, 03, 38.625000, -123.375000
202, 04, 38.625000, -123.291672
202, 05, 38.708336, -123.291672
203, 01, 38.708336, -123.375000
203, 02, 38.708336, -123.458328
203, 03, 38.625000, -123.458328
203, 04, 38.625000, -123.375000
203, 05, 38.708336, -123.375000
204, 01, 38.708336, -123.458328
204, 02, 38.708336, -123.541672
204, 03, 38.625000, -123.541672
204, 04, 38.625000, -123.458328
204, 05, 38.708336, -123.458328
205, 01, 38.791664, -123.458328
205, 02, 38.791664, -123.541672
205, 03, 38.708336, -123.541672
205, 04, 38.708336, -123.458328
205, 05, 38.791664, -123.458328
206, 01, 38.791664, -123.541672
206, 02, 38.791664, -123.625000
206, 03, 38.708336, -123.625000
206, 04, 38.708336, -123.541672
206, 05, 38.791664, -123.541672
207, 01, 38.875000, -123.541672
207, 02, 38.875000, -123.625000
207, 03, 38.791664, -123.625000
207, 04, 38.791664, -123.541672
207, 05, 38.875000, -123.541672
208, 01, 38.875000, -123.625000
208, 02, 38.875000, -123.708328
208, 03, 38.791664, -123.708328
208, 04, 38.791664, -123.625000
208, 05, 38.875000, -123.625000
209, 01, 38.958336, -123.625000
209, 02, 38.958336, -123.708328
209, 03, 38.875000, -123.708328
209, 04, 38.875000, -123.625000
209, 05, 38.958336, -123.625000
210, 01, 39.041664, -123.625000
210, 02, 39.041664, -123.708328
210, 03, 38.958336, -123.708328
210, 04, 38.958336, -123.625000
210, 05, 39.041664, -123.625000
211, 01, 39.125000, -123.625000
211, 02, 39.125000, -123.708328
211, 03, 39.041664, -123.708328
211, 04, 39.041664, -123.625000
211, 05, 39.125000, -123.625000
212, 01, 39.125000, -123.708328
212, 02, 39.125000, -123.791672
212, 03, 39.041664, -123.791672
212, 04, 39.041664, -123.708328
212, 05, 39.125000, -123.708328
213, 01, 39.208336, -123.708328
213, 02, 39.208336, -123.791672
213, 03, 39.125000, -123.791672
213, 04, 39.125000, -123.708328
213, 05, 39.208336, -123.708328
214, 01, 39.291664, -123.708328
214, 02, 39.291664, -123.791672
214, 03, 39.208336, -123.791672
214, 04, 39.208336, -123.708328
214, 05, 39.291664, -123.708328
215, 01, 39.291664, -123.791672
215, 02, 39.291664, -123.875000
215, 03, 39.208336, -123.875000
215, 04, 39.208336, -123.791672
215, 05, 39.291664, -123.791672
216, 01, 39.375000, -123.791672
216, 02, 39.375000, -123.875000
216, 03, 39.291664, -123.875000
216, 04, 39.291664, -123.791672
216, 05, 39.375000, -123.791672
217, 01, 39.458336, -123.791672
217, 02, 39.458336, -123.875000
217, 03, 39.375000, -123.875000
217, 04, 39.375000, -123.791672
217, 05, 39.458336, -123.791672
218, 01, 39.541664, -123.791672
218, 02, 39.541664, -123.875000
218, 03, 39.458336, -123.875000
218, 04, 39.458336, -123.791672
218, 05, 39.541664, -123.791672
219, 01, 39.625000, -123.791672
219, 02, 39.625000, -123.875000
219, 03, 39.541664, -123.875000
219, 04, 39.541664, -123.791672
219, 05, 39.625000, -123.791672
220, 01, 39.708336, -123.791672
220, 02, 39.708336, -123.875000
220, 03, 39.625000, -123.875000
220, 04, 39.625000, -123.791672
220, 05, 39.708336, -123.791672
221, 01, 39.791664, -123.791672
221, 02, 39.791664, -123.875000
221, 03, 39.708336, -123.875000
221, 04, 39.708336, -123.791672
221, 05, 39.791664, -123.791672
222, 01, 39.791664, -123.875000
222, 02, 39.791664, -123.958328
222, 03, 39.708336, -123.958328
222, 04, 39.708336, -123.875000
222, 05, 39.791664, -123.875000
223, 01, 39.875000, -123.875000
223, 02, 39.875000, -123.958328
223, 03, 39.791664, -123.958328
223, 04, 39.791664, -123.875000
223, 05, 39.875000, -123.875000
224, 01, 39.958336, -123.875000
224, 02, 39.958336, -123.958328
224, 03, 39.875000, -123.958328
224, 04, 39.875000, -123.875000
224, 05, 39.958336, -123.875000
225, 01, 39.958336, -123.958328
225, 02, 39.958336, -124.041672
225, 03, 39.875000, -124.041672
225, 04, 39.875000, -123.958328
225, 05, 39.958336, -123.958328
226, 01, 39.958336, -124.041672
226, 02, 39.958336, -124.125000
226, 03, 39.875000, -124.125000
226, 04, 39.875000, -124.041672
226, 05, 39.958336, -124.041672
227, 01, 40.041664, -124.041672
227, 02, 40.041664, -124.125000
227, 03, 39.958336, -124.125000
227, 04, 39.958336, -124.041672
227, 05, 40.041664, -124.041672
228, 01, 40.125000, -124.041672
228, 02, 40.125000, -124.125000
228, 03, 40.041664, -124.125000
228, 04, 40.041664, -124.041672
228, 05, 40.125000, -124.041672
229, 01, 40.125000, -124.125000
229, 02, 40.125000, -124.208328
229, 03, 40.041664, -124.208328
229, 04, 40.041664, -124.125000
229, 05, 40.125000, -124.125000
230, 01, 40.125000, -124.208328
230, 02, 40.125000, -124.291672
230, 03, 40.041664, -124.291672
230, 04, 40.041664, -124.208328
230, 05, 40.125000, -124.208328
231, 01, 40.208336, -124.208328
231, 02, 40.208336, -124.291672
231, 03, 40.125000, -124.291672
231, 04, 40.125000, -124.208328
231, 05, 40.208336, -124.208328
232, 01, 40.208336, -124.291672
232, 02, 40.208336, -124.375000
232, 03, 40.125000, -124.375000
232, 04, 40.125000, -124.291672
232, 05, 40.208336, -124.291672
233, 01, 40.291664, -124.291672
233, 02, 40.291664, -124.375000
233, 03, 40.208336, -124.375000
233, 04, 40.208336, -124.291672
233, 05, 40.291664, -124.291672
234, 01, 40.375000, -124.291672
234, 02, 40.375000, -124.375000
234, 03, 40.291664, -124.375000
234, 04, 40.291664, -124.291672
234, 05, 40.375000, -124.291672
235, 01, 40.375000, -124.375000
235, 02, 40.375000, -124.458328
235, 03, 40.291664, -124.458328
235, 04, 40.291664, -124.375000
235, 05, 40.375000, -124.375000
236, 01, 40.458336, -124.375000
236, 02, 40.458336, -124.458328
236, 03, 40.375000, -124.458328
236, 04, 40.375000, -124.375000
236, 05, 40.458336, -124.375000
237, 01, 40.541664, -124.375000
237, 02, 40.541664, -124.458328
237, 03, 40.458336, -124.458328
237, 04, 40.458336, -124.375000
237, 05, 40.541664, -124.375000
238, 01, 40.541664, -124.291672
238, 02, 40.541664, -124.375000
238, 03, 40.458336, -124.375000
238, 04, 40.458336, -124.291672
238, 05, 40.541664, -124.291672
239, 01, 40.625000, -124.291672
239, 02, 40.625000, -124.375000
239, 03, 40.541664, -124.375000
239, 04, 40.541664, -124.291672
239, 05, 40.625000, -124.291672
240, 01, 40.708336, -124.291672
240, 02, 40.708336, -124.375000
240, 03, 40.625000, -124.375000
240, 04, 40.625000, -124.291672
240, 05, 40.708336, -124.291672
241, 01, 40.708336, -124.208328
241, 02, 40.708336, -124.291672
241, 03, 40.625000, -124.291672
241, 04, 40.625000, -124.208328
241, 05, 40.708336, -124.208328
242, 01, 40.791664, -124.208328
242, 02, 40.791664, -124.291672
242, 03, 40.708336, -124.291672
242, 04, 40.708336, -124.208328
242, 05, 40.791664, -124.208328
243, 01, 40.791664, -124.125000
243, 02, 40.791664, -124.208328
243, 03, 40.708336, -124.208328
243, 04, 40.708336, -124.125000
243, 05, 40.791664, -124.125000
244, 01, 40.875000, -124.125000
244, 02, 40.875000, -124.208328
244, 03, 40.791664, -124.208328
244, 04, 40.791664, -124.125000
244, 05, 40.875000, -124.125000
245, 01, 40.958336, -124.125000
245, 02, 40.958336, -124.208328
245, 03, 40.875000, -124.208328
245, 04, 40.875000, -124.125000
245, 05, 40.958336, -124.125000
246, 01, 40.958336, -124.041672
246, 02, 40.958336, -124.125000
246, 03, 40.875000, -124.125000
246, 04, 40.875000, -124.041672
246, 05, 40.958336, -124.041672
247, 01, 41.041664, -124.041672
247, 02, 41.041664, -124.125000
247, 03, 40.958336, -124.125000
247, 04, 40.958336, -124.041672
247, 05, 41.041664, -124.041672
248, 01, 41.125000, -124.041672
248, 02, 41.125000, -124.125000
248, 03, 41.041664, -124.125000
248, 04, 41.041664, -124.041672
248, 05, 41.125000, -124.041672
249, 01, 41.208336, -124.041672
249, 02, 41.208336, -124.125000
249, 03, 41.125000, -124.125000
249, 04, 41.125000, -124.041672
249, 05, 41.208336, -124.041672
250, 01, 41.291664, -124.041672
250, 02, 41.291664, -124.125000
250, 03, 41.208336, -124.125000
250, 04, 41.208336, -124.041672
250, 05, 41.291664, -124.041672
251, 01, 41.375000, -124.041672
251, 02, 41.375000, -124.125000
251, 03, 41.291664, -124.125000
251, 04, 41.291664, -124.041672
251, 05, 41.375000, -124.041672
252, 01, 41.458336, -124.041672
252, 02, 41.458336, -124.125000
252, 03, 41.375000, -124.125000
252, 04, 41.375000, -124.041672
252, 05, 41.458336, -124.041672
253, 01, 41.541664, -124.041672
253, 02, 41.541664, -124.125000
253, 03, 41.458336, -124.125000
253, 04, 41.458336, -124.041672
253, 05, 41.541664, -124.041672
254, 01, 41.625000, -124.041672
254, 02, 41.625000, -124.125000
254, 03, 41.541664, -124.125000
254, 04, 41.541664, -124.041672
254, 05, 41.625000, -124.041672
255, 01, 41.625000, -124.125000
255, 02, 41.625000, -124.208328
255, 03, 41.541664, -124.208328
255, 04, 41.541664, -124.125000
255, 05, 41.625000, -124.125000
256, 01, 41.708336, -124.125000
256, 02, 41.708336, -124.208328
256, 03, 41.625000, -124.208328
256, 04, 41.625000, -124.125000
256, 05, 41.708336, -124.125000
257, 01, 41.791664, -124.125000
257, 02, 41.791664, -124.208328
257, 03, 41.708336, -124.208328
257, 04, 41.708336, -124.125000
257, 05, 41.791664, -124.125000
258, 01, 41.791664, -124.208328
258, 02, 41.791664, -124.291672
258, 03, 41.708336, -124.291672
258, 04, 41.708336, -124.208328
258, 05, 41.791664, -124.208328
259, 01, 41.875000, -124.208328
259, 02, 41.875000, -124.291672
259, 03, 41.791664, -124.291672
259, 04, 41.791664, -124.208328
259, 05, 41.875000, -124.208328
260, 01, 41.958336, -124.208328
260, 02, 41.958336, -124.291672
260, 03, 41.875000, -124.291672
260, 04, 41.875000, -124.208328
260, 05, 41.958336, -124.208328
261, 01, 42.041664, -124.208328
261, 02, 42.041664, -124.291672
261, 03, 41.958336, -124.291672
261, 04, 41.958336, -124.208328
261, 05, 42.041664, -124.208328
262, 01, 42.041664, -124.291672
262, 02, 42.041664, -124.375000
262, 03, 41.958336, -124.375000
262, 04, 41.958336, -124.291672
262, 05, 42.041664, -124.291672
263, 01, 42.125000, -124.291672
263, 02, 42.125000, -124.375000
263, 03, 42.041664, -124.375000
263, 04, 42.041664, -124.291672
263, 05, 42.125000, -124.291672
264, 01, 42.208336, -124.291672
264, 02, 42.208336, -124.375000
264, 03, 42.125000, -124.375000
264, 04, 42.125000, -124.291672
264, 05, 42.208336, -124.291672
265, 01, 42.208336, -124.375000
265, 02, 42.208336, -124.458328
265, 03, 42.125000, -124.458328
265, 04, 42.125000, -124.375000
265, 05, 42.208336, -124.375000
266, 01, 42.291664, -124.375000
266, 02, 42.291664, -124.458328
266, 03, 42.208336, -124.458328
266, 04, 42.208336, -124.375000
266, 05, 42.291664, -124.375000
267, 01, 42.375000, -124.375000
267, 02, 42.375000, -124.458328
267, 03, 42.291664, -124.458328
267, 04, 42.291664, -124.375000
267, 05, 42.375000, -124.375000
268, 01, 42.458336, -124.375000
268, 02, 42.458336, -124.458328
268, 03, 42.375000, -124.458328
268, 04, 42.375000, -124.375000
268, 05, 42.458336, -124.375000
269, 01, 42.541664, -124.375000
269, 02, 42.541664, -124.458328
269, 03, 42.458336, -124.458328
269, 04, 42.458336, -124.375000
269, 05, 42.541664, -124.375000
270, 01, 42.625000, -124.375000
270, 02, 42.625000, -124.458328
270, 03, 42.541664, -124.458328
270, 04, 42.541664, -124.375000
270, 05, 42.625000, -124.375000
271, 01, 42.708336, -124.375000
271, 02, 42.708336, -124.458328
271, 03, 42.625000, -124.458328
271, 04, 42.625000, -124.375000
271, 05, 42.708336, -124.375000
272, 01, 42.708336, -124.458328
272, 02, 42.708336, -124.541672
272, 03, 42.625000, -124.541672
272, 04, 42.625000, -124.458328
272, 05, 42.708336, -124.458328
273, 01, 42.791664, -124.458328
273, 02, 42.791664, -124.541672
273, 03, 42.708336, -124.541672
273, 04, 42.708336, -124.458328
273, 05, 42.791664, -124.458328
274, 01, 42.875000, -124.458328
274, 02, 42.875000, -124.541672
274, 03, 42.791664, -124.541672
274, 04, 42.791664, -124.458328
274, 05, 42.875000, -124.458328
275, 01, 42.958336, -124.458328
275, 02, 42.958336, -124.541672
275, 03, 42.875000, -124.541672
275, 04, 42.875000, -124.458328
275, 05, 42.958336, -124.458328
276, 01, 42.958336, -124.375000
276, 02, 42.958336, -124.458328
276, 03, 42.875000, -124.458328
276, 04, 42.875000, -124.375000
276, 05, 42.958336, -124.375000
277, 01, 43.041664, -124.375000
277, 02, 43.041664, -124.458328
277, 03, 42.958336, -124.458328
277, 04, 42.958336, -124.375000
277, 05, 43.041664, -124.375000
278, 01, 43.125000, -124.375000
278, 02, 43.125000, -124.458328
278, 03, 43.041664, -124.458328
278, 04, 43.041664, -124.375000
278, 05, 43.125000, -124.375000
279, 01, 43.208336, -124.375000
279, 02, 43.208336, -124.458328
279, 03, 43.125000, -124.458328
279, 04, 43.125000, -124.375000
279, 05, 43.208336, -124.375000
280, 01, 43.291664, -124.375000
280, 02, 43.291664, -124.458328
280, 03, 43.208336, -124.458328
280, 04, 43.208336, -124.375000
280, 05, 43.291664, -124.375000
281, 01, 43.291664, -124.291672
281, 02, 43.291664, -124.375000
281, 03, 43.208336, -124.375000
281, 04, 43.208336, -124.291672
281, 05, 43.291664, -124.291672
282, 01, 43.375000, -124.291672
282, 02, 43.375000, -124.375000
282, 03, 43.291664, -124.375000
282, 04, 43.291664, -124.291672
282, 05, 43.375000, -124.291672
283, 01, 43.458336, -124.291672
283, 02, 43.458336, -124.375000
283, 03, 43.375000, -124.375000
283, 04, 43.375000, -124.291672
283, 05, 43.458336, -124.291672
284, 01, 43.458336, -124.208328
284, 02, 43.458336, -124.291672
284, 03, 43.375000, -124.291672
284, 04, 43.375000, -124.208328
284, 05, 43.458336, -124.208328
285, 01, 43.541664, -124.208328
285, 02, 43.541664, -124.291672
285, 03, 43.458336, -124.291672
285, 04, 43.458336, -124.208328
285, 05, 43.541664, -124.208328
286, 01, 43.625000, -124.208328
286, 02, 43.625000, -124.291672
286, 03, 43.541664, -124.291672
286, 04, 43.541664, -124.208328
286, 05, 43.625000, -124.208328
287, 01, 43.625000, -124.125000
287, 02, 43.625000, -124.208328
287, 03, 43.541664, -124.208328
287, 04, 43.541664, -124.125000
287, 05, 43.625000, -124.125000
288, 01, 43.708336, -124.125000
288, 02, 43.708336, -124.208328
288, 03, 43.625000, -124.208328
288, 04, 43.625000, -124.125000
288, 05, 43.708336, -124.125000
289, 01, 43.791664, -124.125000
289, 02, 43.791664, -124.208328
289, 03, 43.708336, -124.208328
289, 04, 43.708336, -124.125000
289, 05, 43.791664, -124.125000
290, 01, 43.875000, -124.125000
290, 02, 43.875000, -124.208328
290, 03, 43.791664, -124.208328
290, 04, 43.791664, -124.125000
290, 05, 43.875000, -124.125000
291, 01, 43.958336, -124.125000
291, 02, 43.958336, -124.208328
291, 03, 43.875000, -124.208328
291, 04, 43.875000, -124.125000
291, 05, 43.958336, -124.125000
292, 01, 44.041664, -124.125000
292, 02, 44.041664, -124.208328
292, 03, 43.958336, -124.208328
292, 04, 43.958336, -124.125000
292, 05, 44.041664, -124.125000
293, 01, 44.125000, -124.125000
293, 02, 44.125000, -124.208328
293, 03, 44.041664, -124.208328
293, 04, 44.041664, -124.125000
293, 05, 44.125000, -124.125000
294, 01, 44.208336, -124.125000
294, 02, 44.208336, -124.208328
294, 03, 44.125000, -124.208328
294, 04, 44.125000, -124.125000
294, 05, 44.208336, -124.125000
295, 01, 44.291664, -124.125000
295, 02, 44.291664, -124.208328
295, 03, 44.208336, -124.208328
295, 04, 44.208336, -124.125000
295, 05, 44.291664, -124.125000
296, 01, 44.375000, -124.125000
296, 02, 44.375000, -124.208328
296, 03, 44.291664, -124.208328
296, 04, 44.291664, -124.125000
296, 05, 44.375000, -124.125000
297, 01, 44.458336, -124.125000
297, 02, 44.458336, -124.208328
297, 03, 44.375000, -124.208328
297, 04, 44.375000, -124.125000
297, 05, 44.458336, -124.125000
298, 01, 44.458336, -124.041672
298, 02, 44.458336, -124.125000
298, 03, 44.375000, -124.125000
298, 04, 44.375000, -124.041672
298, 05, 44.458336, -124.041672
299, 01, 44.541664, -124.041672
299, 02, 44.541664, -124.125000
299, 03, 44.458336, -124.125000
299, 04, 44.458336, -124.041672
299, 05, 44.541664, -124.041672
300, 01, 44.625000, -124.041672
300, 02, 44.625000, -124.125000
300, 03, 44.541664, -124.125000
300, 04, 44.541664, -124.041672
300, 05, 44.625000, -124.041672
301, 01, 44.708336, -124.041672
301, 02, 44.708336, -124.125000
301, 03, 44.625000, -124.125000
301, 04, 44.625000, -124.041672
301, 05, 44.708336, -124.041672
302, 01, 44.708336, -123.958328
302, 02, 44.708336, -124.041672
302, 03, 44.625000, -124.041672
302, 04, 44.625000, -123.958328
302, 05, 44.708336, -123.958328
303, 01, 44.791664, -123.958328
303, 02, 44.791664, -124.041672
303, 03, 44.708336, -124.041672
303, 04, 44.708336, -123.958328
303, 05, 44.791664, -123.958328
304, 01, 44.875000, -123.958328
304, 02, 44.875000, -124.041672
304, 03, 44.791664, -124.041672
304, 04, 44.791664, -123.958328
304, 05, 44.875000, -123.958328
305, 01, 44.958336, -123.958328
305, 02, 44.958336, -124.041672
305, 03, 44.875000, -124.041672
305, 04, 44.875000, -123.958328
305, 05, 44.958336, -123.958328
306, 01, 45.041664, -123.958328
306, 02, 45.041664, -124.041672
306, 03, 44.958336, -124.041672
306, 04, 44.958336, -123.958328
306, 05, 45.041664, -123.958328
307, 01, 45.125000, -123.958328
307, 02, 45.125000, -124.041672
307, 03, 45.041664, -124.041672
307, 04, 45.041664, -123.958328
307, 05, 45.125000, -123.958328
308, 01, 45.208336, -123.958328
308, 02, 45.208336, -124.041672
308, 03, 45.125000, -124.041672
308, 04, 45.125000, -123.958328
308, 05, 45.208336, -123.958328
309, 01, 45.291664, -123.958328
309, 02, 45.291664, -124.041672
309, 03, 45.208336, -124.041672
309, 04, 45.208336, -123.958328
309, 05, 45.291664, -123.958328
310, 01, 45.375000, -123.958328
310, 02, 45.375000, -124.041672
310, 03, 45.291664, -124.041672
310, 04, 45.291664, -123.958328
310, 05, 45.375000, -123.958328
311, 01, 45.458336, -123.958328
311, 02, 45.458336, -124.041672
311, 03, 45.375000, -124.041672
311, 04, 45.375000, -123.958328
311, 05, 45.458336, -123.958328
312, 01, 45.541664, -123.958328
312, 02, 45.541664, -124.041672
312, 03, 45.458336, -124.041672
312, 04, 45.458336, -123.958328
312, 05, 45.541664, -123.958328
313, 01, 45.625000, -123.958328
313, 02, 45.625000, -124.041672
313, 03, 45.541664, -124.041672
313, 04, 45.541664, -123.958328
313, 05, 45.625000, -123.958328
314, 01, 45.708336, -123.958328
314, 02, 45.708336, -124.041672
314, 03, 45.625000, -124.041672
314, 04, 45.625000, -123.958328
314, 05, 45.708336, -123.958328
315, 01, 45.791664, -123.958328
315, 02, 45.791664, -124.041672
315, 03, 45.708336, -124.041672
315, 04, 45.708336, -123.958328
315, 05, 45.791664, -123.958328
316, 01, 45.875000, -123.958328
316, 02, 45.875000, -124.041672
316, 03, 45.791664, -124.041672
316, 04, 45.791664, -123.958328
316, 05, 45.875000, -123.958328
317, 01, 45.958336, -123.958328
317, 02, 45.958336, -124.041672
317, 03, 45.875000, -124.041672
317, 04, 45.875000, -123.958328
317, 05, 45.958336, -123.958328
318, 01, 45.958336, -123.875000
318, 02, 45.958336, -123.958328
318, 03, 45.875000, -123.958328
318, 04, 45.875000, -123.875000
318, 05, 45.958336, -123.875000
319, 01, 46.041664, -123.875000
319, 02, 46.041664, -123.958328
319, 03, 45.958336, -123.958328
319, 04, 45.958336, -123.875000
319, 05, 46.041664, -123.875000
320, 01, 46.125000, -123.875000
320, 02, 46.125000, -123.958328
320, 03, 46.041664, -123.958328
320, 04, 46.041664, -123.875000
320, 05, 46.125000, -123.875000
321, 01, 46.208336, -123.875000
321, 02, 46.208336, -123.958328
321, 03, 46.125000, -123.958328
321, 04, 46.125000, -123.875000
321, 05, 46.208336, -123.875000
322, 01, 46.208336, -123.958328
322, 02, 46.208336, -124.041672
322, 03, 46.125000, -124.041672
322, 04, 46.125000, -123.958328
322, 05, 46.208336, -123.958328
323, 01, 46.208336, -124.041672
323, 02, 46.208336, -124.125000
323, 03, 46.125000, -124.125000
323, 04, 46.125000, -124.041672
323, 05, 46.208336, -124.041672
324, 01, 46.291664, -124.041672
324, 02, 46.291664, -124.125000
324, 03, 46.208336, -124.125000
324, 04, 46.208336, -124.041672
324, 05, 46.291664, -124.041672
325, 01, 46.375000, -124.041672
325, 02, 46.375000, -124.125000
325, 03, 46.291664, -124.125000
325, 04, 46.291664, -124.041672
325, 05, 46.375000, -124.041672
326, 01, 46.458336, -124.041672
326, 02, 46.458336, -124.125000
326, 03, 46.375000, -124.125000
326, 04, 46.375000, -124.041672
326, 05, 46.458336, -124.041672
327, 01, 46.541664, -124.041672
327, 02, 46.541664, -124.125000
327, 03, 46.458336, -124.125000
327, 04, 46.458336, -124.041672
327, 05, 46.541664, -124.041672
328, 01, 46.541664, -123.958328
328, 02, 46.541664, -124.041672
328, 03, 46.458336, -124.041672
328, 04, 46.458336, -123.958328
328, 05, 46.541664, -123.958328
329, 01, 46.541664, -123.875000
329, 02, 46.541664, -123.958328
329, 03, 46.458336, -123.958328
329, 04, 46.458336, -123.875000
329, 05, 46.541664, -123.875000
330, 01, 46.625000, -123.875000
330, 02, 46.625000, -123.958328
330, 03, 46.541664, -123.958328
330, 04, 46.541664, -123.875000
330, 05, 46.625000, -123.875000
331, 01, 46.708336, -123.875000
331, 02, 46.708336, -123.958328
331, 03, 46.625000, -123.958328
331, 04, 46.625000, -123.875000
331, 05, 46.708336, -123.875000
332, 01, 46.708336, -123.958328
332, 02, 46.708336, -124.041672
332, 03, 46.625000, -124.041672
332, 04, 46.625000, -123.958328
332, 05, 46.708336, -123.958328
333, 01, 46.708336, -124.041672
333, 02, 46.708336, -124.125000
333, 03, 46.625000, -124.125000
333, 04, 46.625000, -124.041672
333, 05, 46.708336, -124.041672
334, 01, 46.708336, -124.125000
334, 02, 46.708336, -124.208328
334, 03, 46.625000, -124.208328
334, 04, 46.625000, -124.125000
334, 05, 46.708336, -124.125000
335, 01, 46.791664, -124.125000
335, 02, 46.791664, -124.208328
335, 03, 46.708336, -124.208328
335, 04, 46.708336, -124.125000
335, 05, 46.791664, -124.125000
336, 01, 46.875000, -124.125000
336, 02, 46.875000, -124.208328
336, 03, 46.791664, -124.208328
336, 04, 46.791664, -124.125000
336, 05, 46.875000, -124.125000
337, 01, 46.958336, -124.125000
337, 02, 46.958336, -124.208328
337, 03, 46.875000, -124.208328
337, 04, 46.875000, -124.125000
337, 05, 46.958336, -124.125000
338, 01, 46.958336, -124.041672
338, 02, 46.958336, -124.125000
338, 03, 46.875000, -124.125000
338, 04, 46.875000, -124.041672
338, 05, 46.958336, -124.041672
339, 01, 46.958336, -123.958328
339, 02, 46.958336, -124.041672
339, 03, 46.875000, -124.041672
339, 04, 46.875000, -123.958328
339, 05, 46.958336, -123.958328
340, 01, 47.041664, -123.958328
340, 02, 47.041664, -124.041672
340, 03, 46.958336, -124.041672
340, 04, 46.958336, -123.958328
340, 05, 47.041664, -123.958328
341, 01, 47.041664, -124.125000
341, 02, 47.041664, -124.208328
341, 03, 46.958336, -124.208328
341, 04, 46.958336, -124.125000
341, 05, 47.041664, -124.125000
342, 01, 47.125000, -124.125000
342, 02, 47.125000, -124.208328
342, 03, 47.041664, -124.208328
342, 04, 47.041664, -124.125000
342, 05, 47.125000, -124.125000
343, 01, 47.208336, -124.125000
343, 02, 47.208336, -124.208328
343, 03, 47.125000, -124.208328
343, 04, 47.125000, -124.125000
343, 05, 47.208336, -124.125000
344, 01, 47.291664, -124.125000
344, 02, 47.291664, -124.208328
344, 03, 47.208336, -124.208328
344, 04, 47.208336, -124.125000
344, 05, 47.291664, -124.125000
345, 01, 47.291664, -124.208328
345, 02, 47.291664, -124.291672
345, 03, 47.208336, -124.291672
345, 04, 47.208336, -124.208328
345, 05, 47.291664, -124.208328
346, 01, 47.375000, -124.208328
346, 02, 47.375000, -124.291672
346, 03, 47.291664, -124.291672
346, 04, 47.291664, -124.208328
346, 05, 47.375000, -124.208328
347, 01, 47.375000, -124.291672
347, 02, 47.375000, -124.375000
347, 03, 47.291664, -124.375000
347, 04, 47.291664, -124.291672
347, 05, 47.375000, -124.291672
348, 01, 47.458336, -124.291672
348, 02, 47.458336, -124.375000
348, 03, 47.375000, -124.375000
348, 04, 47.375000, -124.291672
348, 05, 47.458336, -124.291672
349, 01, 47.541664, -124.291672
349, 02, 47.541664, -124.375000
349, 03, 47.458336, -124.375000
349, 04, 47.458336, -124.291672
349, 05, 47.541664, -124.291672
350, 01, 47.541664, -124.375000
350, 02, 47.541664, -124.458328
350, 03, 47.458336, -124.458328
350, 04, 47.458336, -124.375000
350, 05, 47.541664, -124.375000
351, 01, 47.625000, -124.375000
351, 02, 47.625000, -124.458328
351, 03, 47.541664, -124.458328
351, 04, 47.541664, -124.375000
351, 05, 47.625000, -124.375000
352, 01, 47.625000, -124.458328
352, 02, 47.625000, -124.541672
352, 03, 47.541664, -124.541672
352, 04, 47.541664, -124.458328
352, 05, 47.625000, -124.458328
353, 01, 47.708336, -124.458328
353, 02, 47.708336, -124.541672
353, 03, 47.625000, -124.541672
353, 04, 47.625000, -124.458328
353, 05, 47.708336, -124.458328
354, 01, 47.791664, -124.458328
354, 02, 47.791664, -124.541672
354, 03, 47.708336, -124.541672
354, 04, 47.708336, -124.458328
354, 05, 47.791664, -124.458328
355, 01, 47.791664, -124.375000
355, 02, 47.791664, -124.458328
355, 03, 47.708336, -124.458328
355, 04, 47.708336, -124.375000
355, 05, 47.791664, -124.375000
356, 01, 47.875000, -124.375000
356, 02, 47.875000, -124.458328
356, 03, 47.791664, -124.458328
356, 04, 47.791664, -124.375000
356, 05, 47.875000, -124.375000
357, 01, 47.875000, -124.458328
357, 02, 47.875000, -124.541672
357, 03, 47.791664, -124.541672
357, 04, 47.791664, -124.458328
357, 05, 47.875000, -124.458328
358, 01, 47.875000, -124.541672
358, 02, 47.875000, -124.625000
358, 03, 47.791664, -124.625000
358, 04, 47.791664, -124.541672
358, 05, 47.875000, -124.541672
359, 01, 47.958336, -124.541672
359, 02, 47.958336, -124.625000
359, 03, 47.875000, -124.625000
359, 04, 47.875000, -124.541672
359, 05, 47.958336, -124.541672
360, 01, 47.958336, -124.625000
360, 02, 47.958336, -124.708328
360, 03, 47.875000, -124.708328
360, 04, 47.875000, -124.625000
360, 05, 47.958336, -124.625000
361, 01, 48.041664, -124.625000
361, 02, 48.041664, -124.708328
361, 03, 47.958336, -124.708328
361, 04, 47.958336, -124.625000
361, 05, 48.041664, -124.625000
362, 01, 48.125000, -124.625000
362, 02, 48.125000, -124.708328
362, 03, 48.041664, -124.708328
362, 04, 48.041664, -124.625000
362, 05, 48.125000, -124.625000
363, 01, 48.125000, -124.708328
363, 02, 48.125000, -124.791672
363, 03, 48.041664, -124.791672
363, 04, 48.041664, -124.708328
363, 05, 48.125000, -124.708328
364, 01, 48.208336, -124.708328
364, 02, 48.208336, -124.791672
364, 03, 48.125000, -124.791672
364, 04, 48.125000, -124.708328
364, 05, 48.208336, -124.708328
365, 01, 48.291664, -124.708328
365, 02, 48.291664, -124.791672
365, 03, 48.208336, -124.791672
365, 04, 48.208336, -124.708328
365, 05, 48.291664, -124.708328
366, 01, 48.375000, -124.708328
366, 02, 48.375000, -124.791672
366, 03, 48.291664, -124.791672
366, 04, 48.291664, -124.708328
366, 05, 48.375000, -124.708328
367, 01, 48.625000, -124.708328
367, 02, 48.625000, -124.791672
367, 03, 48.541664, -124.791672
367, 04, 48.541664, -124.708328
367, 05, 48.625000, -124.708328
368, 01, 48.625000, -124.791672
368, 02, 48.625000, -124.875000
368, 03, 48.541664, -124.875000
368, 04, 48.541664, -124.791672
368, 05, 48.625000, -124.791672
369, 01, 48.625000, -124.875000
369, 02, 48.625000, -124.958328
369, 03, 48.541664, -124.958328
369, 04, 48.541664, -124.875000
369, 05, 48.625000, -124.875000
370, 01, 48.708336, -124.875000
370, 02, 48.708336, -124.958328
370, 03, 48.625000, -124.958328
370, 04, 48.625000, -124.875000
370, 05, 48.708336, -124.875000
371, 01, 48.708336, -124.958328
371, 02, 48.708336, -125.041672
371, 03, 48.625000, -125.041672
371, 04, 48.625000, -124.958328
371, 05, 48.708336, -124.958328
372, 01, 48.708336, -125.041672
372, 02, 48.708336, -125.125000
372, 03, 48.625000, -125.125000
372, 04, 48.625000, -125.041672
372, 05, 48.708336, -125.041672
373, 01, 48.708336, -125.125000
373, 02, 48.708336, -125.208328
373, 03, 48.625000, -125.208328
373, 04, 48.625000, -125.125000
373, 05, 48.708336, -125.125000
374, 01, 48.791664, -125.125000
374, 02, 48.791664, -125.208328
374, 03, 48.708336, -125.208328
374, 04, 48.708336, -125.125000
374, 05, 48.791664, -125.125000
375, 01, 48.875000, -125.125000
375, 02, 48.875000, -125.208328
375, 03, 48.791664, -125.208328
375, 04, 48.791664, -125.125000
375, 05, 48.875000, -125.125000
376, 01, 48.958336, -125.125000
376, 02, 48.958336, -125.208328
376, 03, 48.875000, -125.208328
376, 04, 48.875000, -125.125000
376, 05, 48.958336, -125.125000
377, 01, 48.958336, -125.041672
377, 02, 48.958336, -125.125000
377, 03, 48.875000, -125.125000
377, 04, 48.875000, -125.041672
377, 05, 48.958336, -125.041672
378, 01, 49.041664, -125.041672
378, 02, 49.041664, -125.125000
378, 03, 48.958336, -125.125000
378, 04, 48.958336, -125.041672
378, 05, 49.041664, -125.041672
379, 01, 49.041664, -125.125000
379, 02, 49.041664, -125.208328
379, 03, 48.958336, -125.208328
379, 04, 48.958336, -125.125000
379, 05, 49.041664, -125.125000
380, 01, 49.041664, -125.208328
380, 02, 49.041664, -125.291672
380, 03, 48.958336, -125.291672
380, 04, 48.958336, -125.208328
380, 05, 49.041664, -125.208328
381, 01, 49.041664, -125.291672
381, 02, 49.041664, -125.375000
381, 03, 48.958336, -125.375000
381, 04, 48.958336, -125.291672
381, 05, 49.041664, -125.291672
382, 01, 48.958336, -125.291672
382, 02, 48.958336, -125.375000
382, 03, 48.875000, -125.375000
382, 04, 48.875000, -125.291672
382, 05, 48.958336, -125.291672
383, 01, 48.958336, -125.375000
383, 02, 48.958336, -125.458328
383, 03, 48.875000, -125.458328
383, 04, 48.875000, -125.375000
383, 05, 48.958336, -125.375000
384, 01, 48.958336, -125.458328
384, 02, 48.958336, -125.541672
384, 03, 48.875000, -125.541672
384, 04, 48.875000, -125.458328
384, 05, 48.958336, -125.458328
385, 01, 48.958336, -125.541672
385, 02, 48.958336, -125.625000
385, 03, 48.875000, -125.625000
385, 04, 48.875000, -125.541672
385, 05, 48.958336, -125.541672
386, 01, 48.958336, -125.625000
386, 02, 48.958336, -125.708328
386, 03, 48.875000, -125.708328
386, 04, 48.875000, -125.625000
386, 05, 48.958336, -125.625000
387, 01, 49.041664, -125.625000
387, 02, 49.041664, -125.708328
387, 03, 48.958336, -125.708328
387, 04, 48.958336, -125.625000
387, 05, 49.041664, -125.625000
388, 01, 49.041664, -125.708328
388, 02, 49.041664, -125.791672
388, 03, 48.958336, -125.791672
388, 04, 48.958336, -125.708328
388, 05, 49.041664, -125.708328
389, 01, 49.125000, -125.708328
389, 02, 49.125000, -125.791672
389, 03, 49.041664, -125.791672
389, 04, 49.041664, -125.708328
389, 05, 49.125000, -125.708328
390, 01, 49.125000, -125.791672
390, 02, 49.125000, -125.875000
390, 03, 49.041664, -125.875000
390, 04, 49.041664, -125.791672
390, 05, 49.125000, -125.791672
391, 01, 49.208336, -125.791672
391, 02, 49.208336, -125.875000
391, 03, 49.125000, -125.875000
391, 04, 49.125000, -125.791672
391, 05, 49.208336, -125.791672
392, 01, 49.208336, -125.875000
392, 02, 49.208336, -125.958328
392, 03, 49.125000, -125.958328
392, 04, 49.125000, -125.875000
392, 05, 49.208336, -125.875000
393, 01, 49.208336, -125.958328
393, 02, 49.208336, -126.041672
393, 03, 49.125000, -126.041672
393, 04, 49.125000, -125.958328
393, 05, 49.208336, -125.958328
394, 01, 49.291664, -125.958328
394, 02, 49.291664, -126.041672
394, 03, 49.208336, -126.041672
394, 04, 49.208336, -125.958328
394, 05, 49.291664, -125.958328
395, 01, 49.291664, -126.041672
395, 02, 49.291664, -126.125000
395, 03, 49.208336, -126.125000
395, 04, 49.208336, -126.041672
395, 05, 49.291664, -126.041672
396, 01, 49.291664, -126.125000
396, 02, 49.291664, -126.208328
396, 03, 49.208336, -126.208328
396, 04, 49.208336, -126.125000
396, 05, 49.291664, -126.125000
397, 01, 49.291664, -126.208328
397, 02, 49.291664, -126.291672
397, 03, 49.208336, -126.291672
397, 04, 49.208336, -126.208328
397, 05, 49.291664, -126.208328
398, 01, 49.375000, -126.208328
398, 02, 49.375000, -126.291672
398, 03, 49.291664, -126.291672
398, 04, 49.291664, -126.208328
398, 05, 49.375000, -126.208328
399, 01, 49.375000, -126.291672
399, 02, 49.375000, -126.375000
399, 03, 49.291664, -126.375000
399, 04, 49.291664, -126.291672
399, 05, 49.375000, -126.291672
400, 01, 49.375000, -126.375000
400, 02, 49.375000, -126.458328
400, 03, 49.291664, -126.458328
400, 04, 49.291664, -126.375000
400, 05, 49.375000, -126.375000
401, 01, 49.375000, -126.458328
401, 02, 49.375000, -126.541672
401, 03, 49.291664, -126.541672
401, 04, 49.291664, -126.458328
401, 05, 49.375000, -126.458328
402, 01, 49.458336, -126.458328
402, 02, 49.458336, -126.541672
402, 03, 49.375000, -126.541672
402, 04, 49.375000, -126.458328
402, 05, 49.458336, -126.458328
403, 01, 49.458336, -126.541672
403, 02, 49.458336, -126.625000
403, 03, 49.375000, -126.625000
403, 04, 49.375000, -126.541672
403, 05, 49.458336, -126.541672
404, 01, 49.541664, -126.541672
404, 02, 49.541664, -126.625000
404, 03, 49.458336, -126.625000
404, 04, 49.458336, -126.541672
404, 05, 49.541664, -126.541672
405, 01, 49.625000, -126.541672
405, 02, 49.625000, -126.625000
405, 03, 49.541664, -126.625000
405, 04, 49.541664, -126.541672
405, 05, 49.625000, -126.541672
406, 01, 49.708336, -126.541672
406, 02, 49.708336, -126.625000
406, 03, 49.625000, -126.625000
406, 04, 49.625000, -126.541672
406, 05, 49.708336, -126.541672
407, 01, 49.708336, -126.458328
407, 02, 49.708336, -126.541672
407, 03, 49.625000, -126.541672
407, 04, 49.625000, -126.458328
407, 05, 49.708336, -126.458328
408, 01, 49.625000, -126.625000
408, 02, 49.625000, -126.708328
408, 03, 49.541664, -126.708328
408, 04, 49.541664, -126.625000
408, 05, 49.625000, -126.625000
409, 01, 49.625000, -126.708328
409, 02, 49.625000, -126.791672
409, 03, 49.541664, -126.791672
409, 04, 49.541664, -126.708328
409, 05, 49.625000, -126.708328
410, 01, 49.625000, -126.791672
410, 02, 49.625000, -126.875000
410, 03, 49.541664, -126.875000
410, 04, 49.541664, -126.791672
410, 05, 49.625000, -126.791672
411, 01, 49.708336, -126.791672
411, 02, 49.708336, -126.875000
411, 03, 49.625000, -126.875000
411, 04, 49.625000, -126.791672
411, 05, 49.708336, -126.791672
412, 01, 49.708336, -126.875000
412, 02, 49.708336, -126.958328
412, 03, 49.625000, -126.958328
412, 04, 49.625000, -126.875000
412, 05, 49.708336, -126.875000
413, 01, 49.791664, -126.875000
413, 02, 49.791664, -126.958328
413, 03, 49.708336, -126.958328
413, 04, 49.708336, -126.875000
413, 05, 49.791664, -126.875000
414, 01, 49.791664, -126.958328
414, 02, 49.791664, -127.041672
414, 03, 49.708336, -127.041672
414, 04, 49.708336, -126.958328
414, 05, 49.791664, -126.958328
415, 01, 49.875000, -126.958328
415, 02, 49.875000, -127.041672
415, 03, 49.791664, -127.041672
415, 04, 49.791664, -126.958328
415, 05, 49.875000, -126.958328
416, 01, 49.875000, -127.041672
416, 02, 49.875000, -127.125000
416, 03, 49.791664, -127.125000
416, 04, 49.791664, -127.041672
416, 05, 49.875000, -127.041672
417, 01, 49.875000, -127.125000
417, 02, 49.875000, -127.208328
417, 03, 49.791664, -127.208328
417, 04, 49.791664, -127.125000
417, 05, 49.875000, -127.125000
418, 01, 49.958336, -127.125000
418, 02, 49.958336, -127.208328
418, 03, 49.875000, -127.208328
418, 04, 49.875000, -127.125000
418, 05, 49.958336, -127.125000
419, 01, 49.958336, -127.208328
419, 02, 49.958336, -127.291672
419, 03, 49.875000, -127.291672
419, 04, 49.875000, -127.208328
419, 05, 49.958336, -127.208328
420, 01, 50.041664, -127.208328
420, 02, 50.041664, -127.291672
420, 03, 49.958336, -127.291672
420, 04, 49.958336, -127.208328
420, 05, 50.041664, -127.208328
421, 01, 50.041664, -127.291672
421, 02, 50.041664, -127.375000
421, 03, 49.958336, -127.375000
421, 04, 49.958336, -127.291672
421, 05, 50.041664, -127.291672
422, 01, 50.041664, -127.375000
422, 02, 50.041664, -127.458328
422, 03, 49.958336, -127.458328
422, 04, 49.958336, -127.375000
422, 05, 50.041664, -127.375000
423, 01, 50.041664, -127.458328
423, 02, 50.041664, -127.541672
423, 03, 49.958336, -127.541672
423, 04, 49.958336, -127.458328
423, 05, 50.041664, -127.458328
424, 01, 50.125000, -127.458328
424, 02, 50.125000, -127.541672
424, 03, 50.041664, -127.541672
424, 04, 50.041664, -127.458328
424, 05, 50.125000, -127.458328
425, 01, 50.125000, -127.541672
425, 02, 50.125000, -127.625000
425, 03, 50.041664, -127.625000
425, 04, 50.041664, -127.541672
425, 05, 50.125000, -127.541672
426, 01, 50.125000, -127.625000
426, 02, 50.125000, -127.708328
426, 03, 50.041664, -127.708328
426, 04, 50.041664, -127.625000
426, 05, 50.125000, -127.625000
427, 01, 50.125000, -127.708328
427, 02, 50.125000, -127.791672
427, 03, 50.041664, -127.791672
427, 04, 50.041664, -127.708328
427, 05, 50.125000, -127.708328
428, 01, 50.125000, -127.791672
428, 02, 50.125000, -127.875000
428, 03, 50.041664, -127.875000
428, 04, 50.041664, -127.791672
428, 05, 50.125000, -127.791672
429, 01, 50.208336, -127.791672
429, 02, 50.208336, -127.875000
429, 03, 50.125000, -127.875000
429, 04, 50.125000, -127.791672
429, 05, 50.208336, -127.791672
430, 01, 50.291664, -127.791672
430, 02, 50.291664, -127.875000
430, 03, 50.208336, -127.875000
430, 04, 50.208336, -127.791672
430, 05, 50.291664, -127.791672
431, 01, 50.291664, -127.875000
431, 02, 50.291664, -127.958328
431, 03, 50.208336, -127.958328
431, 04, 50.208336, -127.875000
431, 05, 50.291664, -127.875000
432, 01, 50.375000, -127.875000
432, 02, 50.375000, -127.958328
432, 03, 50.291664, -127.958328
432, 04, 50.291664, -127.875000
432, 05, 50.375000, -127.875000
433, 01, 50.375000, -127.958328
433, 02, 50.375000, -128.041656
433, 03, 50.291664, -128.041656
433, 04, 50.291664, -127.958328
433, 05, 50.375000, -127.958328
434, 01, 50.458336, -127.958328
434, 02, 50.458336, -128.041656
434, 03, 50.375000, -128.041656
434, 04, 50.375000, -127.958328
434, 05, 50.458336, -127.958328
435, 01, 50.458336, -128.041656
435, 02, 50.458336, -128.125000
435, 03, 50.375000, -128.125000
435, 04, 50.375000, -128.041656
435, 05, 50.458336, -128.041656
436, 01, 50.541664, -128.041656
436, 02, 50.541664, -128.125000
436, 03, 50.458336, -128.125000
436, 04, 50.458336, -128.041656
436, 05, 50.541664, -128.041656
437, 01, 50.541664, -128.125000
437, 02, 50.541664, -128.208344
437, 03, 50.458336, -128.208344
437, 04, 50.458336, -128.125000
437, 05, 50.541664, -128.125000
438, 01, 50.541664, -128.208344
438, 02, 50.541664, -128.291656
438, 03, 50.458336, -128.291656
438, 04, 50.458336, -128.208344
438, 05, 50.541664, -128.208344
439, 01, 50.625000, -128.208344
439, 02, 50.625000, -128.291656
439, 03, 50.541664, -128.291656
439, 04, 50.541664, -128.208344
439, 05, 50.625000, -128.208344
440, 01, 50.708336, -128.208344
440, 02, 50.708336, -128.291656
440, 03, 50.625000, -128.291656
440, 04, 50.625000, -128.208344
440, 05, 50.708336, -128.208344
441, 01, 50.708336, -128.291656
441, 02, 50.708336, -128.375000
441, 03, 50.625000, -128.375000
441, 04, 50.625000, -128.291656
441, 05, 50.708336, -128.291656
442, 01, 50.791664, -128.291656
442, 02, 50.791664, -128.375000
442, 03, 50.708336, -128.375000
442, 04, 50.708336, -128.291656
442, 05, 50.791664, -128.291656
443, 01, 34.041664, -120.208328
443, 02, 34.041664, -120.291672
443, 03, 33.958336, -120.291672
443, 04, 33.958336, -120.208328
443, 05, 34.041664, -120.208328
444, 01, 34.125000, -120.208328
444, 02, 34.125000, -120.291672
444, 03, 34.041664, -120.291672
444, 04, 34.041664, -120.208328
444, 05, 34.125000, -120.208328
445, 01, 34.125000, -120.125000
445, 02, 34.125000, -120.208328
445, 03, 34.041664, -120.208328
445, 04, 34.041664, -120.125000
445, 05, 34.125000, -120.125000
446, 01, 34.125000, -120.041672
446, 02, 34.125000, -120.125000
446, 03, 34.041664, -120.125000
446, 04, 34.041664, -120.041672
446, 05, 34.125000, -120.041672
447, 01, 34.125000, -119.958328
447, 02, 34.125000, -120.041672
447, 03, 34.041664, -120.041672
447, 04, 34.041664, -119.958328
447, 05, 34.125000, -119.958328
448, 01, 34.208336, -119.958328
448, 02, 34.208336, -120.041672
448, 03, 34.125000, -120.041672
448, 04, 34.125000, -119.958328
448, 05, 34.208336, -119.958328
449, 01, 34.208336, -119.875000
449, 02, 34.208336, -119.958328
449, 03, 34.125000, -119.958328
449, 04, 34.125000, -119.875000
449, 05, 34.208336, -119.875000
450, 01, 34.208336, -119.791672
450, 02, 34.208336, -119.875000
450, 03, 34.125000, -119.875000
450, 04, 34.125000, -119.791672
450, 05, 34.208336, -119.791672
451, 01, 34.208336, -119.708328
451, 02, 34.208336, -119.791672
451, 03, 34.125000, -119.791672
451, 04, 34.125000, -119.708328
451, 05, 34.208336, -119.708328
452, 01, 34.208336, -119.625000
452, 02, 34.208336, -119.708328
452, 03, 34.125000, -119.708328
452, 04, 34.125000, -119.625000
452, 05, 34.208336, -119.625000
453, 01, 34.125000, -119.625000
453, 02, 34.125000, -119.708328
453, 03, 34.041664, -119.708328
453, 04, 34.041664, -119.625000
453, 05, 34.125000, -119.625000
454, 01, 34.125000, -119.541672
454, 02, 34.125000, -119.625000
454, 03, 34.041664, -119.625000
454, 04, 34.041664, -119.541672
454, 05, 34.125000, -119.541672
455, 01, 34.041664, -119.541672
455, 02, 34.041664, -119.625000
455, 03, 33.958336, -119.625000
455, 04, 33.958336, -119.541672
455, 05, 34.041664, -119.541672
456, 01, 33.958336, -119.541672
456, 02, 33.958336, -119.625000
456, 03, 33.875000, -119.625000
456, 04, 33.875000, -119.541672
456, 05, 33.958336, -119.541672
457, 01, 33.958336, -119.625000
457, 02, 33.958336, -119.708328
457, 03, 33.875000, -119.708328
457, 04, 33.875000, -119.625000
457, 05, 33.958336, -119.625000
458, 01, 33.958336, -119.708328
458, 02, 33.958336, -119.791672
458, 03, 33.875000, -119.791672
458, 04, 33.875000, -119.708328
458, 05, 33.958336, -119.708328
459, 01, 33.958336, -119.791672
459, 02, 33.958336, -119.875000
459, 03, 33.875000, -119.875000
459, 04, 33.875000, -119.791672
459, 05, 33.958336, -119.791672
460, 01, 33.958336, -119.875000
460, 02, 33.958336, -119.958328
460, 03, 33.875000, -119.958328
460, 04, 33.875000, -119.875000
460, 05, 33.958336, -119.875000
461, 01, 34.041664, -119.875000
461, 02, 34.041664, -119.958328
461, 03, 33.958336, -119.958328
461, 04, 33.958336, -119.875000
461, 05, 34.041664, -119.875000
462, 01, 34.041664, -119.958328
462, 02, 34.041664, -120.041672
462, 03, 33.958336, -120.041672
462, 04, 33.958336, -119.958328
462, 05, 34.041664, -119.958328
463, 01, 33.958336, -119.958328
463, 02, 33.958336, -120.041672
463, 03, 33.875000, -120.041672
463, 04, 33.875000, -119.958328
463, 05, 33.958336, -119.958328
464, 01, 33.875000, -119.958328
464, 02, 33.875000, -120.041672
464, 03, 33.791664, -120.041672
464, 04, 33.791664, -119.958328
464, 05, 33.875000, -119.958328
465, 01, 33.875000, -120.041672
465, 02, 33.875000, -120.125000
465, 03, 33.791664, -120.125000
465, 04, 33.791664, -120.041672
465, 05, 33.875000, -120.041672
466, 01, 33.875000, -120.125000
466, 02, 33.875000, -120.208328
466, 03, 33.791664, -120.208328
466, 04, 33.791664, -120.125000
466, 05, 33.875000, -120.125000
467, 01, 33.875000, -120.208328
467, 02, 33.875000, -120.291672
467, 03, 33.791664, -120.291672
467, 04, 33.791664, -120.208328
467, 05, 33.875000, -120.208328
468, 01, 33.958336, -120.208328
468, 02, 33.958336, -120.291672
468, 03, 33.875000, -120.291672
468, 04, 33.875000, -120.208328
468, 05, 33.958336, -120.208328
469, 01, 32.958336, -118.541672
469, 02, 32.958336, -118.625000
469, 03, 32.875000, -118.625000
469, 04, 32.875000, -118.541672
469, 05, 32.958336, -118.541672
470, 01, 33.041664, -118.541672
470, 02, 33.041664, -118.625000
470, 03, 32.958336, -118.625000
470, 04, 32.958336, -118.541672
470, 05, 33.041664, -118.541672
471, 01, 33.041664, -118.458328
471, 02, 33.041664, -118.541672
471, 03, 32.958336, -118.541672
471, 04, 32.958336, -118.458328
471, 05, 33.041664, -118.458328
472, 01, 33.041664, -118.375000
472, 02, 33.041664, -118.458328
472, 03, 32.958336, -118.458328
472, 04, 32.958336, -118.375000
472, 05, 33.041664, -118.375000
473, 01, 32.958336, -118.375000
473, 02, 32.958336, -118.458328
473, 03, 32.875000, -118.458328
473, 04, 32.875000, -118.375000
473, 05, 32.958336, -118.375000
474, 01, 32.958336, -118.291672
474, 02, 32.958336, -118.375000
474, 03, 32.875000, -118.375000
474, 04, 32.875000, -118.291672
474, 05, 32.958336, -118.291672
475, 01, 32.875000, -118.291672
475, 02, 32.875000, -118.375000
475, 03, 32.791664, -118.375000
475, 04, 32.791664, -118.291672
475, 05, 32.875000, -118.291672
476, 01, 32.791664, -118.291672
476, 02, 32.791664, -118.375000
476, 03, 32.708336, -118.375000
476, 04, 32.708336, -118.291672
476, 05, 32.791664, -118.291672
477, 01, 32.791664, -118.375000
477, 02, 32.791664, -118.458328
477, 03, 32.708336, -118.458328
477, 04, 32.708336, -118.375000
477, 05, 32.791664, -118.375000
478, 01, 32.791664, -118.458328
478, 02, 32.791664, -118.541672
478, 03, 32.708336, -118.541672
478, 04, 32.708336, -118.458328
478, 05, 32.791664, -118.458328
479, 01, 32.875000, -118.458328
479, 02, 32.875000, -118.541672
479, 03, 32.791664, -118.541672
479, 04, 32.791664, -118.458328
479, 05, 32.875000, -118.458328
480, 01, 32.875000, -118.541672
480, 02, 32.875000, -118.625000
480, 03, 32.791664, -118.625000
480, 04, 32.791664, -118.541672
480, 05, 32.875000, -118.541672
