cell #, vertex #, lat, lon
001, 01, 30.125000, -115.791672
001, 02, 30.208332, -115.791672
001, 03, 30.291668, -115.791672
001, 04, 30.375000, -115.791672
001, 05, 30.375000, -115.875000
001, 06, 30.333334, -115.964332
001, 07, 30.285667, -115.916664
001, 08, 30.250000, -115.883045
001, 09, 30.166666, -115.880999
001, 10, 30.083334, -115.880999
001, 11, 30.044954, -115.833336
001, 12, 30.125000, -115.791672
002, 01, 30.375000, -115.875000
002, 02, 30.458332, -115.875000
002, 03, 30.458332, -115.958328
002, 04, 30.458332, -116.041672
002, 05, 30.541668, -116.041672
002, 06, 30.500000, -116.130999
002, 07, 30.416666, -116.133045
002, 08, 30.376957, -116.083336
002, 09, 30.366955, -116.000000
002, 10, 30.333334, -115.964332
002, 11, 30.375000, -115.875000
003, 01, 30.541668, -116.041672
003, 02, 30.625000, -116.041672
003, 03, 30.708332, -116.041672
003, 04, 30.791668, -116.041672
003, 05, 30.875000, -116.041672
003, 06, 30.785667, -116.166664
003, 07, 30.750000, -116.133045
003, 08, 30.666666, -116.130999
003, 09, 30.583334, -116.134996
003, 10, 30.500000, -116.130999
003, 11, 30.541668, -116.041672
004, 01, 30.875000, -116.041672
004, 02, 30.875000, -116.125000
004, 03, 30.875000, -116.208328
004, 04, 30.958332, -116.208328
004, 05, 30.958332, -116.291672
004, 06, 31.000000, -116.380999
004, 07, 30.916666, -116.387800
004, 08, 30.865004, -116.333336
004, 09, 30.833334, -116.297668
004, 10, 30.794148, -116.250000
004, 11, 30.785667, -116.166664
004, 12, 30.875000, -116.041672
005, 01, 30.958332, -116.291672
005, 02, 31.041668, -116.291672
005, 03, 31.125000, -116.291672
005, 04, 31.208332, -116.291672
005, 05, 31.208332, -116.375000
005, 06, 31.291668, -116.375000
005, 07, 31.250000, -116.467763
005, 08, 31.166666, -116.464332
005, 09, 31.119000, -116.416664
005, 10, 31.083334, -116.380999
005, 11, 31.000000, -116.380999
005, 12, 30.958332, -116.291672
006, 01, 31.291668, -116.375000
006, 02, 31.375000, -116.375000
006, 03, 31.375000, -116.458328
006, 04, 31.458332, -116.458328
006, 05, 31.458332, -116.541672
006, 06, 31.416666, -116.634430
006, 07, 31.366955, -116.583336
006, 08, 31.333334, -116.547668
006, 09, 31.284255, -116.500000
006, 10, 31.250000, -116.467763
006, 11, 31.291668, -116.375000
007, 01, 31.458332, -116.541672
007, 02, 31.541668, -116.541672
007, 03, 31.541668, -116.625000
007, 04, 31.625000, -116.625000
007, 05, 31.708332, -116.625000
007, 06, 31.666666, -116.714332
007, 07, 31.583334, -116.714332
007, 08, 31.500000, -116.714332
007, 09, 31.450921, -116.666664
007, 10, 31.416666, -116.634430
007, 11, 31.458332, -116.541672
008, 01, 31.708332, -116.625000
008, 02, 31.791668, -116.625000
008, 03, 31.875000, -116.625000
008, 04, 31.958332, -116.625000
008, 05, 31.958332, -116.708328
008, 06, 31.958332, -116.791672
008, 07, 31.916666, -116.880999
008, 08, 31.879051, -116.833336
008, 09, 31.869000, -116.750000
008, 10, 31.833334, -116.714332
008, 11, 31.750000, -116.717763
008, 12, 31.666666, -116.714332
008, 13, 31.708332, -116.625000
009, 01, 31.958332, -116.791672
009, 02, 32.041664, -116.791672
009, 03, 32.041664, -116.875000
009, 04, 32.125000, -116.875000
009, 05, 32.208336, -116.875000
009, 06, 32.166668, -116.967763
009, 07, 32.083332, -116.971133
009, 08, 32.000000, -116.964332
009, 09, 31.952333, -116.916664
009, 10, 31.916666, -116.880999
009, 11, 31.958332, -116.791672
010, 01, 32.208336, -116.875000
010, 02, 32.291664, -116.875000
010, 03, 32.291664, -116.958328
010, 04, 32.291664, -117.041672
010, 05, 32.375000, -117.041672
010, 06, 32.333332, -117.130999
010, 07, 32.250000, -117.130999
010, 08, 32.211621, -117.083336
010, 09, 32.200922, -117.000000
010, 10, 32.166668, -116.967763
010, 11, 32.208336, -116.875000
011, 01, 32.375000, -117.041672
011, 02, 32.458336, -117.041672
011, 03, 32.458336, -117.125000
011, 04, 32.541664, -117.125000
011, 05, 32.625000, -117.125000
011, 06, 32.583332, -117.221133
011, 07, 32.500000, -117.217266
011, 08, 32.416668, -117.215744
011, 09, 32.369000, -117.166664
011, 10, 32.333332, -117.130999
011, 11, 32.375000, -117.041672
012, 01, 32.625000, -117.125000
012, 02, 32.708336, -117.125000
012, 03, 32.708336, -117.208328
012, 04, 32.708336, -117.291672
012, 05, 32.791664, -117.291672
012, 06, 32.750000, -117.383933
012, 07, 32.666668, -117.387800
012, 08, 32.623331, -117.333336
012, 09, 32.612199, -117.250000
012, 10, 32.583332, -117.221133
012, 11, 32.625000, -117.125000
013, 01, 32.791664, -117.291672
013, 02, 32.875000, -117.291672
013, 03, 32.958336, -117.291672
013, 04, 33.041664, -117.291672
013, 05, 33.125000, -117.291672
013, 06, 33.083332, -117.382411
013, 07, 33.000000, -117.385919
013, 08, 32.916668, -117.383933
013, 09, 32.833332, -117.385919
013, 10, 32.750000, -117.383933
013, 11, 32.791664, -117.291672
014, 01, 33.125000, -117.291672
014, 02, 33.208336, -117.291672
014, 03, 33.208336, -117.375000
014, 04, 33.291664, -117.375000
014, 05, 33.291664, -117.458328
014, 06, 33.250000, -117.552588
014, 07, 33.197415, -117.500000
014, 08, 33.166668, -117.467266
014, 09, 33.117588, -117.416664
014, 10, 33.083332, -117.382411
014, 11, 33.125000, -117.291672
015, 01, 33.291664, -117.458328
015, 02, 33.375000, -117.458328
015, 03, 33.375000, -117.541672
015, 04, 33.458336, -117.541672
015, 05, 33.458336, -117.625000
015, 06, 33.416668, -117.717266
015, 07, 33.366066, -117.666664
015, 08, 33.333332, -117.635919
015, 09, 33.280747, -117.583336
015, 10, 33.250000, -117.552588
015, 11, 33.291664, -117.458328
016, 01, 33.458336, -117.625000
016, 02, 33.541664, -117.625000
016, 03, 33.541664, -117.708328
016, 04, 33.541664, -117.791672
016, 05, 33.541664, -117.875000
016, 06, 33.625000, -117.875000
016, 07, 33.530747, -118.000000
016, 08, 33.500000, -117.967266
016, 09, 33.461621, -117.916664
016, 10, 33.461621, -117.833336
016, 11, 33.449400, -117.750000
016, 12, 33.416668, -117.717266
016, 13, 33.458336, -117.625000
017, 01, 33.625000, -117.875000
017, 02, 33.625000, -117.958328
017, 03, 33.708336, -117.958328
017, 04, 33.708336, -118.041672
017, 05, 33.791664, -118.041672
017, 06, 33.699400, -118.166664
017, 07, 33.666668, -118.133933
017, 08, 33.616066, -118.083336
017, 09, 33.583332, -118.052588
017, 10, 33.530747, -118.000000
017, 11, 33.625000, -117.875000
018, 01, 33.791664, -118.041672
018, 02, 33.791664, -118.125000
018, 03, 33.791664, -118.208328
018, 04, 33.791664, -118.291672
018, 05, 33.708336, -118.291672
018, 06, 33.708336, -118.375000
018, 07, 33.791664, -118.375000
018, 08, 33.750000, -118.469252
018, 09, 33.666668, -118.467266
018, 10, 33.628287, -118.416664
018, 11, 33.628287, -118.333336
018, 12, 33.628287, -118.250000
018, 13, 33.666668, -118.199398
018, 14, 33.699400, -118.166664
018, 15, 33.791664, -118.041672
019, 01, 33.791664, -118.375000
019, 02, 33.875000, -118.375000
019, 03, 33.875000, -118.458328
019, 04, 33.958336, -118.458328
019, 05, 34.041664, -118.458328
019, 06, 33.949400, -118.583336
019, 07, 33.916668, -118.552588
019, 08, 33.833332, -118.550602
019, 09, 33.782733, -118.500000
019, 10, 33.750000, -118.469252
019, 11, 33.791664, -118.375000
020, 01, 34.041664, -118.458328
020, 02, 34.041664, -118.541672
020, 03, 34.125000, -118.541672
020, 04, 34.125000, -118.625000
020, 05, 34.125000, -118.708328
020, 06, 34.125000, -118.791672
020, 07, 34.044953, -118.833336
020, 08, 34.044953, -118.750000
020, 09, 34.032733, -118.666664
020, 10, 34.000000, -118.633933
020, 11, 33.949400, -118.583336
020, 12, 34.041664, -118.458328
021, 01, 34.125000, -118.791672
021, 02, 34.125000, -118.875000
021, 03, 34.125000, -118.958328
021, 04, 34.125000, -119.041672
021, 05, 34.125000, -119.125000
021, 06, 34.125000, -119.208328
021, 07, 34.083332, -119.300602
021, 08, 34.044953, -119.250000
021, 09, 34.044953, -119.166664
021, 10, 34.044953, -119.083336
021, 11, 34.044953, -119.000000
021, 12, 34.044953, -118.916664
021, 13, 34.044953, -118.833336
021, 14, 34.125000, -118.791672
022, 01, 34.125000, -119.208328
022, 02, 34.208336, -119.208328
022, 03, 34.291664, -119.208328
022, 04, 34.291664, -119.291672
022, 05, 34.375000, -119.291672
022, 06, 34.281087, -119.416664
022, 07, 34.250000, -119.387522
022, 08, 34.195811, -119.333336
022, 09, 34.166668, -119.304191
022, 10, 34.083332, -119.300602
022, 11, 34.125000, -119.208328
023, 01, 34.375000, -119.291672
023, 02, 34.375000, -119.375000
023, 03, 34.375000, -119.458328
023, 04, 34.375000, -119.541672
023, 05, 34.375000, -119.625000
023, 06, 34.375000, -119.708328
023, 07, 34.375000, -119.791672
023, 08, 34.294953, -119.833336
023, 09, 34.294953, -119.750000
023, 10, 34.294953, -119.666664
023, 11, 34.294953, -119.583336
023, 12, 34.294953, -119.500000
023, 13, 34.281087, -119.416664
023, 14, 34.375000, -119.291672
024, 01, 34.375000, -119.791672
024, 02, 34.375000, -119.875000
024, 03, 34.458336, -119.875000
024, 04, 34.458336, -119.958328
024, 05, 34.458336, -120.041672
024, 06, 34.458336, -120.125000
024, 07, 34.377481, -120.166664
024, 08, 34.377481, -120.083336
024, 09, 34.366066, -120.000000
024, 10, 34.333332, -119.967266
024, 11, 34.294953, -119.916664
024, 12, 34.294953, -119.833336
024, 13, 34.375000, -119.791672
025, 01, 34.458336, -120.125000
025, 02, 34.458336, -120.208328
025, 03, 34.458336, -120.291672
025, 04, 34.458336, -120.375000
025, 05, 34.458336, -120.458328
025, 06, 34.416668, -120.550602
025, 07, 34.377481, -120.500000
025, 08, 34.377481, -120.416664
025, 09, 34.377481, -120.333336
025, 10, 34.377481, -120.250000
025, 11, 34.377481, -120.166664
025, 12, 34.458336, -120.125000
026, 01, 34.458336, -120.458328
026, 02, 34.541664, -120.458328
026, 03, 34.541664, -120.541672
026, 04, 34.625000, -120.541672
026, 05, 34.625000, -120.625000
026, 06, 34.666668, -120.720855
026, 07, 34.583332, -120.720855
026, 08, 34.530747, -120.666664
026, 09, 34.500000, -120.633933
026, 10, 34.449400, -120.583336
026, 11, 34.416668, -120.550602
026, 12, 34.458336, -120.458328
027, 01, 34.625000, -120.625000
027, 02, 34.708336, -120.625000
027, 03, 34.791664, -120.625000
027, 04, 34.875000, -120.625000
027, 05, 34.958336, -120.625000
027, 06, 35.041664, -120.625000
027, 07, 35.083332, -120.717266
027, 08, 35.000000, -120.720855
027, 09, 34.916668, -120.717266
027, 10, 34.833332, -120.720855
027, 11, 34.750000, -120.720855
027, 12, 34.666668, -120.720855
027, 13, 34.625000, -120.625000
028, 01, 35.041664, -120.625000
028, 02, 35.125000, -120.625000
028, 03, 35.208336, -120.625000
028, 04, 35.208336, -120.708328
028, 05, 35.208336, -120.791672
028, 06, 35.208336, -120.875000
028, 07, 35.250000, -120.967266
028, 08, 35.166668, -120.967266
028, 09, 35.129052, -120.916664
028, 10, 35.129052, -120.833336
028, 11, 35.116066, -120.750000
028, 12, 35.083332, -120.717266
028, 13, 35.041664, -120.625000
029, 01, 35.208336, -120.875000
029, 02, 35.291664, -120.875000
029, 03, 35.375000, -120.875000
029, 04, 35.458336, -120.875000
029, 05, 35.458336, -120.958328
029, 06, 35.458336, -121.041672
029, 07, 35.416668, -121.133933
029, 08, 35.378287, -121.083336
029, 09, 35.364420, -121.000000
029, 10, 35.333332, -120.970855
029, 11, 35.250000, -120.967266
029, 12, 35.208336, -120.875000
030, 01, 35.458336, -121.041672
030, 02, 35.541664, -121.041672
030, 03, 35.541664, -121.125000
030, 04, 35.625000, -121.125000
030, 05, 35.708336, -121.125000
030, 06, 35.610744, -121.250000
030, 07, 35.583332, -121.222588
030, 08, 35.500000, -121.220698
030, 09, 35.449400, -121.166664
030, 10, 35.416668, -121.133933
030, 11, 35.458336, -121.041672
031, 01, 35.708336, -121.125000
031, 02, 35.708336, -121.208328
031, 03, 35.708336, -121.291672
031, 04, 35.791664, -121.291672
031, 05, 35.791664, -121.375000
031, 06, 35.750000, -121.472588
031, 07, 35.694079, -121.416664
031, 08, 35.666668, -121.389255
031, 09, 35.626187, -121.333336
031, 10, 35.610744, -121.250000
031, 11, 35.708336, -121.125000
032, 01, 35.791664, -121.375000
032, 02, 35.875000, -121.375000
032, 03, 35.875000, -121.458328
032, 04, 35.958336, -121.458328
032, 05, 35.958336, -121.541672
032, 06, 36.041664, -121.541672
032, 07, 35.945969, -121.666664
032, 08, 35.916668, -121.639255
032, 09, 35.862477, -121.583336
032, 10, 35.833332, -121.552248
032, 11, 35.779301, -121.500000
032, 12, 35.750000, -121.472588
032, 13, 35.791664, -121.375000
033, 01, 36.041664, -121.541672
033, 02, 36.041664, -121.625000
033, 03, 36.125000, -121.625000
033, 04, 36.208336, -121.625000
033, 05, 36.208336, -121.708328
033, 06, 36.208336, -121.791672
033, 07, 36.126187, -121.833336
033, 08, 36.110744, -121.750000
033, 09, 36.083332, -121.720698
033, 10, 36.000000, -121.720698
033, 11, 35.945969, -121.666664
033, 12, 36.041664, -121.541672
034, 01, 36.208336, -121.791672
034, 02, 36.291664, -121.791672
034, 03, 36.291664, -121.875000
034, 04, 36.375000, -121.875000
034, 05, 36.458336, -121.875000
034, 06, 36.362635, -122.000000
034, 07, 36.333332, -121.972588
034, 08, 36.250000, -121.968912
034, 09, 36.195969, -121.916664
034, 10, 36.166668, -121.889255
034, 11, 36.126187, -121.833336
034, 12, 36.208336, -121.791672
035, 01, 36.458336, -121.875000
035, 02, 36.458336, -121.958328
035, 03, 36.541664, -121.958328
035, 04, 36.541664, -121.875000
035, 05, 36.625000, -121.875000
035, 06, 36.705047, -121.916664
035, 07, 36.666668, -121.970698
035, 08, 36.637365, -122.000000
035, 09, 36.583332, -122.052248
035, 10, 36.500000, -122.054033
035, 11, 36.416668, -122.050602
035, 12, 36.362635, -122.000000
035, 13, 36.458336, -121.875000
036, 01, 36.625000, -121.875000
036, 02, 36.625000, -121.791672
036, 03, 36.625000, -121.708328
036, 04, 36.708336, -121.708328
036, 05, 36.791664, -121.708328
036, 06, 36.875000, -121.708328
036, 07, 36.875000, -121.791672
036, 08, 36.916668, -121.885579
036, 09, 36.833332, -121.887364
036, 10, 36.779301, -121.833336
036, 11, 36.750000, -121.805924
036, 12, 36.720699, -121.833336
036, 13, 36.705047, -121.916664
036, 14, 36.625000, -121.875000
037, 01, 36.875000, -121.791672
037, 02, 36.958336, -121.791672
037, 03, 37.041664, -121.791672
037, 04, 37.041664, -121.875000
037, 05, 37.041664, -121.958328
037, 06, 37.041664, -122.041672
037, 07, 37.041664, -122.125000
037, 08, 36.960291, -122.166664
037, 09, 36.960291, -122.083336
037, 10, 36.960291, -122.000000
037, 11, 36.945811, -121.916664
037, 12, 36.916668, -121.885579
037, 13, 36.875000, -121.791672
038, 01, 37.041664, -122.125000
038, 02, 37.041664, -122.208328
038, 03, 37.125000, -122.208328
038, 04, 37.125000, -122.291672
038, 05, 37.208336, -122.291672
038, 06, 37.250000, -122.387364
038, 07, 37.166668, -122.387364
038, 08, 37.083332, -122.391134
038, 09, 37.025531, -122.333336
038, 10, 37.000000, -122.307803
038, 11, 36.960291, -122.250000
038, 12, 36.960291, -122.166664
038, 13, 37.041664, -122.125000
039, 01, 37.208336, -122.291672
039, 02, 37.291664, -122.291672
039, 03, 37.375000, -122.291672
039, 04, 37.458336, -122.291672
039, 05, 37.458336, -122.375000
039, 06, 37.541664, -122.375000
039, 07, 37.445969, -122.500000
039, 08, 37.416668, -122.470698
039, 09, 37.362635, -122.416664
039, 10, 37.333332, -122.387364
039, 11, 37.250000, -122.387364
039, 12, 37.208336, -122.291672
040, 01, 37.541664, -122.375000
040, 02, 37.541664, -122.458328
040, 03, 37.625000, -122.458328
040, 04, 37.708336, -122.458328
040, 05, 37.791664, -122.458328
040, 06, 37.750000, -122.559510
040, 07, 37.666668, -122.554033
040, 08, 37.583332, -122.557803
040, 09, 37.500000, -122.554033
040, 10, 37.445969, -122.500000
040, 11, 37.541664, -122.375000
041, 01, 37.791664, -122.458328
041, 02, 37.875000, -122.458328
041, 03, 37.875000, -122.541672
041, 04, 37.875000, -122.625000
041, 05, 37.875000, -122.708328
041, 06, 37.958336, -122.708328
041, 07, 37.855196, -122.833336
041, 08, 37.833332, -122.811471
041, 09, 37.789146, -122.750000
041, 10, 37.789146, -122.666664
041, 11, 37.773825, -122.583336
041, 12, 37.750000, -122.559510
041, 13, 37.791664, -122.458328
042, 01, 37.958336, -122.708328
042, 02, 37.958336, -122.791672
042, 03, 37.958336, -122.875000
042, 04, 38.041664, -122.875000
042, 05, 38.125000, -122.875000
042, 06, 38.166668, -122.976174
042, 07, 38.083332, -122.976174
042, 08, 38.000000, -122.978136
042, 09, 37.916668, -122.974365
042, 10, 37.873331, -122.916664
042, 11, 37.855196, -122.833336
042, 12, 37.958336, -122.708328
043, 01, 38.125000, -122.875000
043, 02, 38.208336, -122.875000
043, 03, 38.291664, -122.875000
043, 04, 38.291664, -122.958328
043, 05, 38.375000, -122.958328
043, 06, 38.375000, -123.041672
043, 07, 38.333332, -123.139255
043, 08, 38.275531, -123.083336
043, 09, 38.250000, -123.059510
043, 10, 38.190493, -123.000000
043, 11, 38.166668, -122.976174
043, 12, 38.125000, -122.875000
044, 01, 38.375000, -123.041672
044, 02, 38.458336, -123.041672
044, 03, 38.458336, -123.125000
044, 04, 38.541664, -123.125000
044, 05, 38.541664, -123.208328
044, 06, 38.625000, -123.208328
044, 07, 38.521863, -123.333336
044, 08, 38.500000, -123.311471
044, 09, 38.442302, -123.250000
044, 10, 38.416668, -123.224365
044, 11, 38.358967, -123.166664
044, 12, 38.333332, -123.139255
044, 13, 38.375000, -123.041672
045, 01, 38.625000, -123.208328
045, 02, 38.625000, -123.291672
045, 03, 38.708336, -123.291672
045, 04, 38.708336, -123.375000
045, 05, 38.708336, -123.458328
045, 06, 38.666668, -123.557803
045, 07, 38.625378, -123.500000
045, 08, 38.606818, -123.416664
045, 09, 38.583332, -123.394802
045, 10, 38.521863, -123.333336
045, 11, 38.625000, -123.208328
046, 01, 38.708336, -123.458328
046, 02, 38.791664, -123.458328
046, 03, 38.791664, -123.541672
046, 04, 38.875000, -123.541672
046, 05, 38.875000, -123.625000
046, 06, 38.916668, -123.728136
046, 07, 38.833332, -123.728136
046, 08, 38.771863, -123.666664
046, 09, 38.750000, -123.644802
046, 10, 38.690493, -123.583336
046, 11, 38.666668, -123.557803
046, 12, 38.708336, -123.458328
047, 01, 38.875000, -123.625000
047, 02, 38.958336, -123.625000
047, 03, 39.041664, -123.625000
047, 04, 39.125000, -123.625000
047, 05, 39.125000, -123.708328
047, 06, 39.166668, -123.811471
047, 07, 39.083332, -123.811471
047, 08, 39.021863, -123.750000
047, 09, 39.000000, -123.728136
047, 10, 38.916668, -123.728136
047, 11, 38.875000, -123.625000
048, 01, 39.125000, -123.708328
048, 02, 39.208336, -123.708328
048, 03, 39.291664, -123.708328
048, 04, 39.291664, -123.791672
048, 05, 39.375000, -123.791672
048, 06, 39.416668, -123.894802
048, 07, 39.333332, -123.894802
048, 08, 39.250000, -123.894802
048, 09, 39.188531, -123.833336
048, 10, 39.166668, -123.811471
048, 11, 39.125000, -123.708328
049, 01, 39.375000, -123.791672
049, 02, 39.458336, -123.791672
049, 03, 39.541664, -123.791672
049, 04, 39.625000, -123.791672
049, 05, 39.708336, -123.791672
049, 06, 39.791664, -123.791672
049, 07, 39.688531, -123.916664
049, 08, 39.666668, -123.894802
049, 09, 39.583332, -123.891134
049, 10, 39.500000, -123.894802
049, 11, 39.416668, -123.894802
049, 12, 39.375000, -123.791672
050, 01, 39.791664, -123.791672
050, 02, 39.791664, -123.875000
050, 03, 39.875000, -123.875000
050, 04, 39.958336, -123.875000
050, 05, 39.958336, -123.958328
050, 06, 39.958336, -124.041672
050, 07, 40.000000, -124.144802
050, 08, 39.916668, -124.144802
050, 09, 39.873331, -124.083336
050, 10, 39.855196, -124.000000
050, 11, 39.833332, -123.978136
050, 12, 39.750000, -123.978136
050, 13, 39.688531, -123.916664
050, 14, 39.791664, -123.791672
051, 01, 39.958336, -124.041672
051, 02, 40.041664, -124.041672
051, 03, 40.125000, -124.041672
051, 04, 40.125000, -124.125000
051, 05, 40.125000, -124.208328
051, 06, 40.208336, -124.208328
051, 07, 40.103063, -124.333336
051, 08, 40.083332, -124.313605
051, 09, 40.039997, -124.250000
051, 10, 40.021863, -124.166664
051, 11, 40.000000, -124.144802
051, 12, 39.958336, -124.041672
052, 01, 40.208336, -124.208328
052, 02, 40.208336, -124.291672
052, 03, 40.291664, -124.291672
052, 04, 40.375000, -124.291672
052, 05, 40.375000, -124.375000
052, 06, 40.333332, -124.478136
052, 07, 40.269730, -124.416664
052, 08, 40.250000, -124.396935
052, 09, 40.166668, -124.394802
052, 10, 40.103063, -124.333336
052, 11, 40.208336, -124.208328
053, 01, 40.375000, -124.375000
053, 02, 40.458336, -124.375000
053, 03, 40.458336, -124.291672
053, 04, 40.541664, -124.291672
053, 05, 40.625000, -124.291672
053, 06, 40.666668, -124.393180
053, 07, 40.583332, -124.394802
053, 08, 40.561469, -124.416664
053, 09, 40.500000, -124.478136
053, 10, 40.416668, -124.480270
053, 11, 40.333332, -124.478136
053, 12, 40.375000, -124.375000
054, 01, 40.625000, -124.291672
054, 02, 40.625000, -124.208328
054, 03, 40.708336, -124.208328
054, 04, 40.708336, -124.125000
054, 05, 40.791664, -124.125000
054, 06, 40.875000, -124.125000
054, 07, 40.833332, -124.230270
054, 08, 40.813603, -124.250000
054, 09, 40.750000, -124.311471
054, 10, 40.726515, -124.333336
054, 11, 40.666668, -124.393180
054, 12, 40.625000, -124.291672
055, 01, 40.875000, -124.125000
055, 02, 40.875000, -124.041672
055, 03, 40.958336, -124.041672
055, 04, 41.041664, -124.041672
055, 05, 41.125000, -124.041672
055, 06, 41.166668, -124.144802
055, 07, 41.083332, -124.144802
055, 08, 41.000000, -124.146935
055, 09, 40.980270, -124.166664
055, 10, 40.916668, -124.232601
055, 11, 40.833332, -124.230270
055, 12, 40.875000, -124.125000
056, 01, 41.125000, -124.041672
056, 02, 41.208336, -124.041672
056, 03, 41.291664, -124.041672
056, 04, 41.375000, -124.041672
056, 05, 41.458336, -124.041672
056, 06, 41.541664, -124.041672
056, 07, 41.500000, -124.149267
056, 08, 41.416668, -124.146935
056, 09, 41.333332, -124.146935
056, 10, 41.250000, -124.144802
056, 11, 41.166668, -124.144802
056, 12, 41.125000, -124.041672
057, 01, 41.541664, -124.041672
057, 02, 41.625000, -124.041672
057, 03, 41.625000, -124.125000
057, 04, 41.708336, -124.125000
057, 05, 41.791664, -124.125000
057, 06, 41.791664, -124.208328
057, 07, 41.750000, -124.312087
057, 08, 41.685458, -124.250000
057, 09, 41.666668, -124.232601
057, 10, 41.583332, -124.232601
057, 11, 41.517398, -124.166664
057, 12, 41.500000, -124.149267
057, 13, 41.541664, -124.041672
058, 01, 41.791664, -124.208328
058, 02, 41.875000, -124.208328
058, 03, 41.958336, -124.208328
058, 04, 42.041664, -124.208328
058, 05, 42.041664, -124.291672
058, 06, 42.083332, -124.395417
058, 07, 42.000000, -124.399267
058, 08, 41.934066, -124.333336
058, 09, 41.916668, -124.315937
058, 10, 41.833332, -124.315937
058, 11, 41.750000, -124.312087
058, 12, 41.791664, -124.208328
059, 01, 42.041664, -124.291672
059, 02, 42.125000, -124.291672
059, 03, 42.208336, -124.291672
059, 04, 42.208336, -124.375000
059, 05, 42.291664, -124.375000
059, 06, 42.333332, -124.482601
059, 07, 42.250000, -124.482601
059, 08, 42.166668, -124.482601
059, 09, 42.103063, -124.416664
059, 10, 42.083332, -124.395417
059, 11, 42.041664, -124.291672
060, 01, 42.291664, -124.375000
060, 02, 42.375000, -124.375000
060, 03, 42.458336, -124.375000
060, 04, 42.541664, -124.375000
060, 05, 42.625000, -124.375000
060, 06, 42.708336, -124.375000
060, 07, 42.600731, -124.500000
060, 08, 42.583332, -124.482601
060, 09, 42.500000, -124.482601
060, 10, 42.416668, -124.482601
060, 11, 42.333332, -124.482601
060, 12, 42.291664, -124.375000
061, 01, 42.708336, -124.375000
061, 02, 42.708336, -124.458328
061, 03, 42.791664, -124.458328
061, 04, 42.875000, -124.458328
061, 05, 42.875000, -124.375000
061, 06, 42.982602, -124.500000
061, 07, 42.916668, -124.565937
061, 08, 42.833332, -124.568497
061, 09, 42.750000, -124.565937
061, 10, 42.666668, -124.565937
061, 11, 42.600731, -124.500000
061, 12, 42.708336, -124.375000
062, 01, 42.875000, -124.375000
062, 02, 42.958336, -124.375000
062, 03, 43.041664, -124.375000
062, 04, 43.125000, -124.375000
062, 05, 43.208336, -124.375000
062, 06, 43.250000, -124.481209
062, 07, 43.166668, -124.482601
062, 08, 43.083332, -124.485161
062, 09, 43.000000, -124.481209
062, 10, 42.982602, -124.500000
062, 11, 42.875000, -124.375000
063, 01, 43.208336, -124.375000
063, 02, 43.208336, -124.291672
063, 03, 43.291664, -124.291672
063, 04, 43.375000, -124.291672
063, 05, 43.375000, -124.208328
063, 06, 43.481210, -124.333336
063, 07, 43.416668, -124.397875
063, 08, 43.333332, -124.399267
063, 09, 43.314542, -124.416664
063, 10, 43.250000, -124.481209
063, 11, 43.208336, -124.375000
064, 01, 43.375000, -124.208328
064, 02, 43.458336, -124.208328
064, 03, 43.541664, -124.208328
064, 04, 43.541664, -124.125000
064, 05, 43.625000, -124.125000
064, 06, 43.708336, -124.125000
064, 07, 43.666668, -124.232601
064, 08, 43.649269, -124.250000
064, 09, 43.583332, -124.315937
064, 10, 43.500000, -124.315937
064, 11, 43.481210, -124.333336
064, 12, 43.375000, -124.208328
065, 01, 43.708336, -124.125000
065, 02, 43.791664, -124.125000
065, 03, 43.875000, -124.125000
065, 04, 43.958336, -124.125000
065, 05, 44.041664, -124.125000
065, 06, 44.083332, -124.232601
065, 07, 44.000000, -124.232601
065, 08, 43.916668, -124.235161
065, 09, 43.833332, -124.232601
065, 10, 43.750000, -124.235161
065, 11, 43.666668, -124.232601
065, 12, 43.708336, -124.125000
066, 01, 44.041664, -124.125000
066, 02, 44.125000, -124.125000
066, 03, 44.208336, -124.125000
066, 04, 44.291664, -124.125000
066, 05, 44.375000, -124.125000
066, 06, 44.375000, -124.041672
066, 07, 44.458336, -124.041672
066, 08, 44.500000, -124.154651
066, 09, 44.487987, -124.166664
066, 10, 44.416668, -124.237986
066, 11, 44.333332, -124.233924
066, 12, 44.250000, -124.232601
066, 13, 44.166668, -124.232601
066, 14, 44.083332, -124.232601
066, 15, 44.041664, -124.125000
067, 01, 44.458336, -124.041672
067, 02, 44.541664, -124.041672
067, 03, 44.625000, -124.041672
067, 04, 44.625000, -123.958328
067, 05, 44.708336, -123.958328
067, 06, 44.750000, -124.071322
067, 07, 44.737987, -124.083336
067, 08, 44.666668, -124.154651
067, 09, 44.583332, -124.154651
067, 10, 44.500000, -124.154651
067, 11, 44.458336, -124.041672
068, 01, 44.708336, -123.958328
068, 02, 44.791664, -123.958328
068, 03, 44.875000, -123.958328
068, 04, 44.958336, -123.958328
068, 05, 45.041664, -123.958328
068, 06, 45.083332, -124.067260
068, 07, 45.000000, -124.071322
068, 08, 44.916668, -124.071322
068, 09, 44.833332, -124.071322
068, 10, 44.750000, -124.071322
068, 11, 44.708336, -123.958328
069, 01, 45.041664, -123.958328
069, 02, 45.125000, -123.958328
069, 03, 45.208336, -123.958328
069, 04, 45.291664, -123.958328
069, 05, 45.375000, -123.958328
069, 06, 45.416668, -124.071322
069, 07, 45.333332, -124.071322
069, 08, 45.250000, -124.071322
069, 09, 45.166668, -124.071322
069, 10, 45.083332, -124.067260
069, 11, 45.041664, -123.958328
070, 01, 45.375000, -123.958328
070, 02, 45.458336, -123.958328
070, 03, 45.541664, -123.958328
070, 04, 45.625000, -123.958328
070, 05, 45.708336, -123.958328
070, 06, 45.791664, -123.958328
070, 07, 45.833332, -124.071322
070, 08, 45.750000, -124.071322
070, 09, 45.666668, -124.070276
070, 10, 45.583332, -124.070276
070, 11, 45.500000, -124.071322
070, 12, 45.416668, -124.071322
070, 13, 45.375000, -123.958328
071, 01, 45.791664, -123.958328
071, 02, 45.875000, -123.958328
071, 03, 45.875000, -123.875000
071, 04, 45.958336, -123.875000
071, 05, 46.041664, -123.875000
071, 06, 46.125000, -123.875000
071, 07, 46.083332, -123.991122
071, 08, 46.000000, -123.987986
071, 09, 45.987987, -124.000000
071, 10, 45.916668, -124.071322
071, 11, 45.833332, -124.071322
071, 12, 45.791664, -123.958328
072, 01, 46.125000, -123.875000
072, 02, 46.208336, -123.875000
072, 03, 46.208336, -123.958328
072, 04, 46.208336, -124.041672
072, 05, 46.291664, -124.041672
072, 06, 46.333332, -124.154651
072, 07, 46.250000, -124.157787
072, 08, 46.166668, -124.154651
072, 09, 46.123331, -124.083336
072, 10, 46.092210, -124.000000
072, 11, 46.083332, -123.991122
072, 12, 46.125000, -123.875000
073, 01, 46.291664, -124.041672
073, 02, 46.375000, -124.041672
073, 03, 46.458336, -124.041672
073, 04, 46.458336, -123.958328
073, 05, 46.458336, -123.875000
073, 06, 46.571319, -124.000000
073, 07, 46.543335, -124.083336
073, 08, 46.500000, -124.154651
073, 09, 46.416668, -124.154651
073, 10, 46.333332, -124.154651
073, 11, 46.291664, -124.041672
074, 01, 46.458336, -123.875000
074, 02, 46.541664, -123.875000
074, 03, 46.625000, -123.875000
074, 04, 46.708336, -123.875000
074, 05, 46.708336, -123.958328
074, 06, 46.708336, -124.041672
074, 07, 46.708336, -124.125000
074, 08, 46.750000, -124.236940
074, 09, 46.666668, -124.236940
074, 10, 46.625378, -124.166664
074, 11, 46.625378, -124.083336
074, 12, 46.596392, -124.000000
074, 13, 46.583332, -123.987986
074, 14, 46.571319, -124.000000
074, 15, 46.458336, -123.875000
075, 01, 46.708336, -124.125000
075, 02, 46.791664, -124.125000
075, 03, 46.875000, -124.125000
075, 04, 46.875000, -124.041672
075, 05, 46.875000, -123.958328
075, 06, 46.958336, -123.958328
075, 07, 47.041664, -123.958328
075, 08, 47.083332, -124.241122
075, 09, 47.000000, -124.241122
075, 10, 46.916668, -124.236940
075, 11, 46.833332, -124.244624
075, 12, 46.750000, -124.236940
075, 13, 46.708336, -124.125000
076, 01, 47.041664, -123.958328
076, 02, 47.041664, -124.041672
076, 03, 46.958336, -124.041672
076, 04, 46.958336, -124.125000
076, 05, 47.041664, -124.125000
076, 06, 47.125000, -124.125000
076, 07, 47.208336, -124.125000
076, 08, 47.291664, -124.125000
076, 09, 47.291664, -124.208328
076, 10, 47.375000, -124.208328
076, 11, 47.416668, -124.411289
076, 12, 47.333332, -124.411289
076, 13, 47.258878, -124.333336
076, 14, 47.250000, -124.324457
076, 15, 47.172044, -124.250000
076, 16, 47.166668, -124.244624
076, 17, 47.083332, -124.241122
076, 18, 47.041664, -123.958328
077, 01, 47.375000, -124.208328
077, 02, 47.375000, -124.291672
077, 03, 47.458336, -124.291672
077, 04, 47.541664, -124.291672
077, 05, 47.541664, -124.375000
077, 06, 47.625000, -124.375000
077, 07, 47.666668, -124.577960
077, 08, 47.583332, -124.577960
077, 09, 47.505376, -124.500000
077, 10, 47.500000, -124.494624
077, 11, 47.422044, -124.416664
077, 12, 47.416668, -124.411289
077, 13, 47.375000, -124.208328
078, 01, 47.625000, -124.375000
078, 02, 47.625000, -124.458328
078, 03, 47.708336, -124.458328
078, 04, 47.708336, -124.375000
078, 05, 47.791664, -124.375000
078, 06, 47.875000, -124.375000
078, 07, 47.875000, -124.458328
078, 08, 47.833332, -124.661289
078, 09, 47.755376, -124.583336
078, 10, 47.750000, -124.577960
078, 11, 47.666668, -124.577960
078, 12, 47.625000, -124.375000
079, 01, 47.875000, -124.458328
079, 02, 47.875000, -124.541672
079, 03, 47.958336, -124.541672
079, 04, 47.958336, -124.625000
079, 05, 48.000000, -124.744624
079, 06, 47.916668, -124.744624
079, 07, 47.838708, -124.666664
079, 08, 47.833332, -124.661289
079, 09, 47.875000, -124.458328
080, 01, 33.958336, -120.208328
080, 02, 34.041664, -120.208328
080, 03, 34.041664, -120.125000
080, 04, 34.041664, -120.041672
080, 05, 34.041664, -119.958328
080, 06, 34.166668, -120.050602
080, 07, 34.120948, -120.083336
080, 08, 34.120948, -120.166664
080, 09, 34.120948, -120.250000
080, 10, 34.083332, -120.300602
080, 11, 34.000000, -120.302588
080, 12, 33.958336, -120.208328
081, 01, 34.041664, -119.958328
081, 02, 34.125000, -119.958328
081, 03, 34.125000, -119.875000
081, 04, 34.125000, -119.791672
081, 05, 34.125000, -119.708328
081, 06, 34.041664, -119.708328
081, 07, 34.041664, -119.625000
081, 08, 34.000000, -119.530748
081, 09, 34.083332, -119.532734
081, 10, 34.133934, -119.583336
081, 11, 34.166668, -119.616067
081, 12, 34.205853, -119.666664
081, 13, 34.205853, -119.750000
081, 14, 34.205853, -119.833336
081, 15, 34.205853, -119.916664
081, 16, 34.205853, -120.000000
081, 17, 34.166668, -120.050602
081, 18, 34.041664, -119.958328
082, 01, 34.041664, -119.625000
082, 02, 33.958336, -119.625000
082, 03, 33.958336, -119.708328
082, 04, 33.958336, -119.791672
082, 05, 33.958336, -119.875000
082, 06, 34.041664, -119.875000
082, 07, 34.041664, -119.958328
082, 08, 34.041664, -120.041672
082, 09, 33.877481, -119.916664
082, 10, 33.877481, -119.833336
082, 11, 33.877481, -119.750000
082, 12, 33.877481, -119.666664
082, 13, 33.877481, -119.583336
082, 14, 33.916668, -119.532734
082, 15, 34.000000, -119.530748
082, 16, 34.041664, -119.625000
083, 01, 34.041664, -120.041672
083, 02, 33.958336, -120.041672
083, 03, 33.875000, -120.041672
083, 04, 33.875000, -120.125000
083, 05, 33.875000, -120.208328
083, 06, 33.958336, -120.208328
083, 07, 34.000000, -120.302588
083, 08, 33.916668, -120.302588
083, 09, 33.833332, -120.300602
083, 10, 33.795717, -120.250000
083, 11, 33.795717, -120.166664
083, 12, 33.795717, -120.083336
083, 13, 33.795717, -120.000000
083, 14, 33.833332, -119.949398
083, 15, 33.877481, -119.916664
083, 16, 34.041664, -120.041672
084, 01, 32.833332, -118.280748
084, 02, 32.916668, -118.282734
084, 03, 32.967267, -118.333336
084, 04, 33.000000, -118.364081
084, 05, 33.040479, -118.416664
084, 06, 33.040479, -118.500000
084, 07, 33.040479, -118.583336
084, 08, 33.000000, -118.635919
084, 09, 32.916668, -118.633933
084, 10, 32.875000, -118.541672
085, 01, 32.875000, -118.375000
085, 02, 32.791664, -118.375000
085, 03, 32.791664, -118.458328
085, 04, 32.875000, -118.458328
085, 05, 32.875000, -118.541672
085, 06, 32.916668, -118.633933
085, 07, 32.833332, -118.635919
085, 08, 32.782235, -118.583336
085, 09, 32.750000, -118.549080
085, 10, 32.710815, -118.500000
085, 11, 32.710815, -118.416664
085, 12, 32.710815, -118.333336
085, 13, 32.750000, -118.284256
085, 14, 32.833332, -118.280748
085, 15, 32.875000, -118.375000
