30.125
30.208332
30.291668
30.375
30.375
30.458332
30.458332
30.458332
30.541668
30.625
30.708332
30.791668
30.875
30.875
30.875
30.958332
30.958332
31.041668
31.125
31.208332
31.208332
31.291668
31.375
31.375
31.458332
31.458332
31.541668
31.541668
31.625
31.708332
31.791668
31.875
31.958332
31.958332
31.958332
32.041664
32.041664
32.125
32.208336
32.291664
32.291664
32.291664
32.375
32.458336
32.458336
32.541664
32.625
32.708336
32.708336
32.708336
32.791664
32.875
32.958336
33.041664
33.125
33.208336
33.208336
33.291664
33.291664
33.375
33.375
33.458336
33.458336
33.541664
33.541664
33.541664
33.541664
33.625
33.625
33.708336
33.708336
33.791664
33.791664
33.791664
33.791664
33.708336
33.708336
33.791664
33.875
33.875
33.958336
34.041664
34.041664
34.125
34.125
34.125
34.125
34.125
34.125
34.125
34.125
34.125
34.208336
34.291664
34.291664
34.375
34.375
34.375
34.375
34.375
34.375
34.375
34.375
34.458336
34.458336
34.458336
34.458336
34.458336
34.458336
34.458336
34.458336
34.541664
34.541664
34.625
34.625
34.708336
34.791664
34.875
34.958336
35.041664
35.125
35.208336
35.208336
35.208336
35.208336
35.291664
35.375
35.458336
35.458336
35.458336
35.541664
35.541664
35.625
35.708336
35.708336
35.708336
35.791664
35.791664
35.875
35.875
35.958336
35.958336
36.041664
36.041664
36.125
36.208336
36.208336
36.208336
36.291664
36.291664
36.375
36.458336
36.458336
36.541664
36.541664
36.625
36.625
36.625
36.708336
36.791664
36.875
36.875
36.958336
37.041664
37.041664
37.041664
37.041664
37.041664
37.041664
37.125
37.125
37.208336
37.291664
37.375
37.458336
37.458336
37.541664
37.541664
37.625
37.708336
37.791664
37.791664
37.708336
37.625
37.625
37.541664
37.541664
37.458336
37.458336
37.458336
37.541664
37.625
37.708336
37.708336
37.791664
37.791664
37.875
37.875
37.958336
38.041664
38.041664
38.125
38.125
38.125
38.125
38.041664
37.958336
37.875
37.875
37.875
37.875
37.958336
37.958336
37.958336
38.041664
38.125
38.208336
38.291664
38.291664
38.375
38.375
38.458336
38.458336
38.541664
38.541664
38.625
38.625
38.708336
38.708336
38.708336
38.791664
38.791664
38.875
38.875
38.958336
39.041664
39.125
39.125
39.208336
39.291664
39.291664
39.375
39.458336
39.541664
39.625
39.708336
39.791664
39.791664
39.875
39.958336
39.958336
39.958336
40.041664
40.125
40.125
40.125
40.208336
40.208336
40.291664
40.375
40.375
40.458336
40.458336
40.541664
40.625
40.625
40.708336
40.708336
40.791664
40.875
40.875
40.958336
41.041664
41.125
41.208336
41.291664
41.375
41.458336
41.541664
41.625
41.625
41.708336
41.791664
41.791664
41.875
41.958336
42.041664
42.041664
42.125
42.208336
42.208336
42.291664
42.375
42.458336
42.541664
42.625
42.708336
42.708336
42.791664
42.875
42.875
42.958336
43.041664
43.125
43.208336
43.208336
43.291664
43.375
43.375
43.458336
43.541664
43.541664
43.625
43.708336
43.791664
43.875
43.958336
44.041664
44.125
44.208336
44.291664
44.375
44.375
44.458336
44.541664
44.625
44.625
44.708336
44.791664
44.875
44.958336
45.041664
45.125
45.208336
45.291664
45.375
45.458336
45.541664
45.625
45.708336
45.791664
45.875
45.875
45.958336
46.041664
46.125
46.208336
46.208336
46.208336
46.291664
46.375
46.458336
46.458336
46.458336
46.541664
46.625
46.708336
46.708336
46.708336
46.708336
46.791664
46.875
46.875
46.875
46.958336
47.041664
47.041664
46.958336
46.958336
47.041664
47.125
47.208336
47.291664
47.291664
47.375
47.375
47.458336
47.541664
47.541664
47.625
47.625
47.708336
47.708336
47.791664
47.875
47.875
47.875
47.958336
47.958336
