-115.79167
-115.79167
-115.79167
-115.79167
-115.875
-115.875
-115.95833
-116.04167
-116.04167
-116.04167
-116.04167
-116.04167
-116.04167
-116.125
-116.20833
-116.20833
-116.29167
-116.29167
-116.29167
-116.29167
-116.375
-116.375
-116.375
-116.45833
-116.45833
-116.54167
-116.54167
-116.625
-116.625
-116.625
-116.625
-116.625
-116.625
-116.70833
-116.79167
-116.79167
-116.875
-116.875
-116.875
-116.875
-116.95833
-117.04167
-117.04167
-117.04167
-117.125
-117.125
-117.125
-117.125
-117.20833
-117.29167
-117.29167
-117.29167
-117.29167
-117.29167
-117.29167
-117.29167
-117.375
-117.375
-117.45833
-117.45833
-117.54167
-117.54167
-117.625
-117.625
-117.70833
-117.79167
-117.875
-117.875
-117.95833
-117.95833
-118.04167
-118.04167
-118.125
-118.20833
-118.29167
-118.29167
-118.375
-118.375
-118.375
-118.45833
-118.45833
-118.45833
-118.54167
-118.54167
-118.625
-118.70833
-118.79167
-118.875
-118.95833
-119.04167
-119.125
-119.20833
-119.20833
-119.20833
-119.29167
-119.29167
-119.375
-119.45833
-119.54167
-119.625
-119.70833
-119.79167
-119.875
-119.875
-119.95833
-120.04167
-120.125
-120.20833
-120.29167
-120.375
-120.45833
-120.45833
-120.54167
-120.54167
-120.625
-120.625
-120.625
-120.625
-120.625
-120.625
-120.625
-120.625
-120.70833
-120.79167
-120.875
-120.875
-120.875
-120.875
-120.95833
-121.04167
-121.04167
-121.125
-121.125
-121.125
-121.20833
-121.29167
-121.29167
-121.375
-121.375
-121.45833
-121.45833
-121.54167
-121.54167
-121.625
-121.625
-121.625
-121.70833
-121.79167
-121.79167
-121.875
-121.875
-121.875
-121.95833
-121.95833
-121.875
-121.875
-121.79167
-121.70833
-121.70833
-121.70833
-121.70833
-121.79167
-121.79167
-121.79167
-121.875
-121.95833
-122.04167
-122.125
-122.20833
-122.20833
-122.29167
-122.29167
-122.29167
-122.29167
-122.29167
-122.375
-122.375
-122.45833
-122.45833
-122.45833
-122.45833
-122.375
-122.375
-122.375
-122.29167
-122.29167
-122.20833
-122.20833
-122.125
-122.04167
-122.04167
-122.04167
-122.04167
-122.125
-122.125
-122.20833
-122.20833
-122.29167
-122.29167
-122.29167
-122.20833
-122.20833
-122.29167
-122.375
-122.45833
-122.45833
-122.45833
-122.45833
-122.54167
-122.625
-122.70833
-122.70833
-122.79167
-122.875
-122.875
-122.875
-122.875
-122.875
-122.95833
-122.95833
-123.04167
-123.04167
-123.125
-123.125
-123.20833
-123.20833
-123.29167
-123.29167
-123.375
-123.45833
-123.45833
-123.54167
-123.54167
-123.625
-123.625
-123.625
-123.625
-123.70833
-123.70833
-123.70833
-123.79167
-123.79167
-123.79167
-123.79167
-123.79167
-123.79167
-123.79167
-123.875
-123.875
-123.875
-123.95833
-124.04167
-124.04167
-124.04167
-124.125
-124.20833
-124.20833
-124.29167
-124.29167
-124.29167
-124.375
-124.375
-124.29167
-124.29167
-124.29167
-124.20833
-124.20833
-124.125
-124.125
-124.125
-124.04167
-124.04167
-124.04167
-124.04167
-124.04167
-124.04167
-124.04167
-124.04167
-124.04167
-124.04167
-124.125
-124.125
-124.125
-124.20833
-124.20833
-124.20833
-124.20833
-124.29167
-124.29167
-124.29167
-124.375
-124.375
-124.375
-124.375
-124.375
-124.375
-124.375
-124.45833
-124.45833
-124.45833
-124.375
-124.375
-124.375
-124.375
-124.375
-124.29167
-124.29167
-124.29167
-124.20833
-124.20833
-124.20833
-124.125
-124.125
-124.125
-124.125
-124.125
-124.125
-124.125
-124.125
-124.125
-124.125
-124.125
-124.04167
-124.04167
-124.04167
-124.04167
-123.95833
-123.95833
-123.95833
-123.95833
-123.95833
-123.95833
-123.95833
-123.95833
-123.95833
-123.95833
-123.95833
-123.95833
-123.95833
-123.95833
-123.95833
-123.95833
-123.875
-123.875
-123.875
-123.875
-123.875
-123.95833
-124.04167
-124.04167
-124.04167
-124.04167
-123.95833
-123.875
-123.875
-123.875
-123.875
-123.95833
-124.04167
-124.125
-124.125
-124.125
-124.04167
-123.95833
-123.95833
-123.95833
-124.04167
-124.04167
-124.125
-124.125
-124.125
-124.125
-124.125
-124.20833
-124.20833
-124.29167
-124.29167
-124.29167
-124.375
-124.375
-124.45833
-124.45833
-124.375
-124.375
-124.375
-124.45833
-124.54167
-124.54167
-124.625
